-5.072760105133056641e+00 -1.525589108467102051e+00 -2.860963344573974609e+00 2.122569084167480469e+00 8.160841941833496094e+00 -3.186383247375488281e+00 -4.320662975311279297e+00 1.775670528411865234e+00 -7.739932090044021606e-02 1.533962631225585938e+01
-3.565418720245361328e+00 -1.587502479553222656e+00 2.318609505891799927e-02 5.113046765327453613e-01 -3.962444305419921875e+00 5.887317657470703125e+00 4.616507053375244141e+00 -9.139951705932617188e+00 1.271563434600830078e+01 -4.910497665405273438e-01
1.098127961158752441e+00 -4.706698894500732422e+00 1.263291740417480469e+01 -3.380067050457000732e-01 -1.846207618713378906e+00 -4.271462440490722656e+00 1.005674839019775391e+00 1.321365714073181152e+00 -8.817912936210632324e-01 -4.156613826751708984e+00
-1.847339987754821777e+00 -2.564629793167114258e+00 -5.202529907226562500e+00 7.454864025115966797e+00 -1.176669883728027344e+01 2.178878593444824219e+01 3.597813129425048828e+00 -1.265840816497802734e+01 3.666559934616088867e+00 2.141275882720947266e+00
-1.971927642822265625e+00 -2.572827816009521484e+00 3.480463743209838867e+00 -9.465637803077697754e-01 1.551403045654296875e+00 1.953510880470275879e+00 1.749962997436523438e+01 -7.808212280273437500e+00 -3.028706789016723633e+00 -9.215505599975585938e+00
-1.247984313964843750e+01 -7.083133697509765625e+00 -3.232462406158447266e+00 -8.146495819091796875e-01 2.163652420043945312e+01 4.563187956809997559e-01 -3.031593561172485352e+00 3.890381336212158203e+00 2.947152137756347656e+00 7.790533065795898438e+00
-2.899048089981079102e+00 -5.660496711730957031e+00 -1.418759107589721680e+00 4.770653247833251953e+00 -4.576363563537597656e+00 1.543292617797851562e+01 3.251220226287841797e+00 -9.025940895080566406e+00 6.641757488250732422e+00 -9.482104778289794922e-01
-7.410366058349609375e+00 -5.393939495086669922e+00 -3.024972915649414062e+00 -1.116545796394348145e+00 1.547557163238525391e+01 -7.170893251895904541e-03 -6.795360445976257324e-01 8.700579404830932617e-01 1.201264977455139160e+00 5.487384319305419922e+00
-4.061319351196289062e+00 -2.077784061431884766e+00 3.915282964706420898e+00 9.508803367614746094e+00 -3.389194965362548828e+00 -6.281697273254394531e+00 -3.520652532577514648e+00 8.833914756774902344e+00 -8.547811508178710938e-01 1.016506552696228027e+00
-1.578519701957702637e+00 7.863480567932128906e+00 -1.393449544906616211e+00 -1.244034051895141602e+00 1.500734090805053711e-01 -7.016435861587524414e-01 3.158331871032714844e+00 -2.374614000320434570e+00 2.885873794555664062e+00 -2.070001840591430664e+00
-3.501976728439331055e+00 4.668454825878143311e-01 -1.788143992424011230e+00 2.747026205062866211e+00 -1.617400646209716797e+00 -9.880373477935791016e-01 -3.722313880920410156e+00 -4.058055877685546875e+00 1.403395462036132812e+01 5.789238452911376953e+00
2.528497457504272461e+00 -1.782918930053710938e+00 9.082677364349365234e-01 -1.057848811149597168e+00 4.208790361881256104e-01 1.484907984733581543e+00 1.301419639587402344e+01 -8.112022399902343750e+00 2.141134500503540039e+00 -1.320767211914062500e+01
-3.102044582366943359e+00 -2.345513343811035156e+00 -6.440600156784057617e-01 5.697410106658935547e+00 -4.911250591278076172e+00 2.840434551239013672e+00 -3.135095596313476562e+00 -7.859289169311523438e+00 1.511126136779785156e+01 3.973144292831420898e+00
-1.892915606498718262e+00 -5.338684558868408203e+00 1.353891086578369141e+01 3.707734823226928711e+00 8.864462971687316895e-01 8.397033810615539551e-01 -1.356848776340484619e-01 -4.504509449005126953e+00 -3.668310940265655518e-01 -7.252749919891357422e+00
-3.776484489440917969e+00 -8.824166297912597656e+00 -9.702283143997192383e-01 2.768350243568420410e-01 4.306597709655761719e+00 1.226339489221572876e-01 -7.206011772155761719e+00 2.705456495285034180e+00 2.946684598922729492e+00 1.489005565643310547e+01
1.093930006027221680e+00 -6.907416582107543945e-01 6.356723785400390625e+00 6.779117584228515625e+00 -1.219561100006103516e+01 -2.503293991088867188e+00 -1.343574333190917969e+01 1.369736671447753906e+01 -7.690650224685668945e-01 2.931977987289428711e+00
-3.835461616516113281e+00 3.154832363128662109e+00 1.134511375427246094e+01 4.879719734191894531e+00 -8.209594726562500000e+00 -2.585105895996093750e-01 -4.081834793090820312e+00 5.584048271179199219e+00 -2.006689071655273438e+00 -8.282910346984863281e+00
2.113536149263381958e-01 5.304491996765136719e+00 1.469045066833496094e+01 4.840184211730957031e+00 -1.691437721252441406e+01 -2.689408779144287109e+00 -9.478051185607910156e+00 6.152651786804199219e+00 3.219622135162353516e+00 -1.619025111198425293e+00
6.012444496154785156e-01 -6.078624248504638672e+00 2.953664779663085938e+00 -1.424054145812988281e+00 3.732072830200195312e+00 -2.501569271087646484e+00 1.550255298614501953e+01 -2.364716768264770508e+00 -7.863397598266601562e+00 -4.899332523345947266e+00
1.630253219604492188e+01 -7.290275096893310547e+00 6.481385707855224609e+00 -1.061725139617919922e+00 -5.177754402160644531e+00 -7.598089575767517090e-01 5.252772808074951172e+00 -2.426215648651123047e+00 -9.650206565856933594e+00 -7.769150733947753906e-01
1.110607385635375977e+00 -2.952180624008178711e+00 -4.717763423919677734e+00 4.236933708190917969e+00 -1.365160465240478516e+01 2.035439872741699219e+01 -2.484576702117919922e+00 1.030778050422668457e+00 4.010224342346191406e+00 6.048598289489746094e-01
-6.640985965728759766e+00 3.517032861709594727e+00 6.043826580047607422e+00 3.985626935958862305e+00 -5.334396839141845703e+00 -2.984526753425598145e-02 4.982062578201293945e-01 -7.642052650451660156e+00 9.662240028381347656e+00 -4.185943126678466797e+00
-8.503928184509277344e+00 2.121237993240356445e+00 -3.944844722747802734e+00 4.926611185073852539e-01 1.526648235321044922e+01 -7.057552933692932129e-01 -4.162517547607421875e+00 3.263732433319091797e+00 -2.658555746078491211e+00 6.179798603057861328e+00
3.126613855361938477e+00 -1.083337974548339844e+01 1.911193430423736572e-01 -7.312698841094970703e+00 1.432905387878417969e+01 -3.993953227996826172e+00 3.151742458343505859e+00 3.386115312576293945e+00 1.834702372550964355e+00 3.036247968673706055e+00
-4.444757461547851562e+00 2.020823955535888672e+00 1.301479721069335938e+01 4.149987697601318359e+00 -4.760848522186279297e+00 -3.183203339576721191e-01 -8.580766677856445312e+00 8.315447807312011719e+00 -8.715764880180358887e-01 -8.953067779541015625e+00
-3.230143785476684570e+00 1.285806751251220703e+01 2.209054708480834961e+00 -9.677392244338989258e-01 2.848105430603027344e+00 -6.554740905761718750e+00 -3.958877325057983398e+00 4.021473407745361328e+00 -7.413400709629058838e-02 -1.660387396812438965e+00
1.549870777130126953e+01 -7.503133296966552734e+00 4.935327053070068359e+00 -3.768171310424804688e+00 -4.495854377746582031e+00 -2.610652685165405273e+00 -1.274033039808273315e-01 2.655151605606079102e+00 -3.958635330200195312e+00 4.356205463409423828e+00
-5.688395500183105469e+00 4.111335277557373047e+00 3.570230484008789062e+00 1.482835483551025391e+01 -4.139514446258544922e+00 -1.592314839363098145e+00 -1.265739440917968750e+01 -7.892992496490478516e-01 4.509916305541992188e+00 3.183293104171752930e+00
-2.916146278381347656e+00 2.493118762969970703e+00 -2.330327749252319336e+00 1.471288299560546875e+01 -7.306420803070068359e+00 7.403103351593017578e+00 -5.379076480865478516e+00 -4.658314704895019531e+00 7.515568137168884277e-01 2.733208179473876953e+00
7.244411706924438477e-01 -3.191907644271850586e+00 3.794971704483032227e+00 1.840574741363525391e+00 -2.547207117080688477e+00 4.204317092895507812e+00 1.397978115081787109e+01 -6.089942932128906250e+00 2.470583677291870117e+00 -1.271190357208251953e+01
-5.937039852142333984e+00 1.157459545135498047e+01 -9.714995622634887695e-01 2.113126277923583984e+00 1.465629577636718750e+00 -5.627024650573730469e+00 -4.356243610382080078e+00 4.786950588226318359e+00 3.069973468780517578e+00 -4.673530757427215576e-01
1.254223346710205078e+01 -8.851543426513671875e+00 2.678426265716552734e+00 -4.636703014373779297e+00 -4.227227687835693359e+00 9.463708996772766113e-01 5.567659854888916016e+00 -1.931392788887023926e+00 1.197515845298767090e+00 2.580364227294921875e+00
-3.256824731826782227e+00 8.027839660644531250e+00 -3.265424445271492004e-02 -6.600628495216369629e-01 3.285023689270019531e+00 -3.683232545852661133e+00 2.114897489547729492e+00 2.555010080337524414e+00 -6.219155788421630859e-01 -1.026558756828308105e+00
1.493565464019775391e+01 -2.879713535308837891e+00 3.647780895233154297e+00 9.976630806922912598e-01 -9.471828460693359375e+00 7.521944046020507812e+00 1.998651266098022461e+00 -3.738343000411987305e+00 -6.174664497375488281e+00 -4.604779183864593506e-01
-1.780798137187957764e-01 -2.222766727209091187e-01 6.370143890380859375e+00 2.174370956420898438e+01 -2.211920166015625000e+01 1.378982830047607422e+01 -1.085695743560791016e+01 -9.762717247009277344e+00 5.625612735748291016e+00 1.332569956779479980e+00
-3.301326930522918701e-02 -1.471427440643310547e+00 5.045149803161621094e+00 1.823021054267883301e+00 -3.371963500976562500e+00 -3.509201526641845703e+00 -3.409085512161254883e+00 -2.474373340606689453e+00 1.433858489990234375e+01 -1.474652051925659180e+00
-6.770135879516601562e+00 4.564456939697265625e+00 1.600571274757385254e+00 8.590199470520019531e+00 -8.594532608985900879e-01 1.952473998069763184e+00 -1.647502303123474121e+00 -2.128282785415649414e+00 3.051278352737426758e+00 -3.893510341644287109e+00
-1.688425302505493164e+00 1.033246994018554688e+01 1.302964985370635986e-01 -1.193695068359375000e+00 -1.869715452194213867e-01 -2.206679344177246094e+00 2.669680416584014893e-01 1.546130895614624023e+00 3.342702150344848633e+00 -5.206658840179443359e+00
-2.963456869125366211e+00 1.640094667673110962e-01 3.707035779953002930e+00 -1.280194997787475586e+00 -1.472204923629760742e+00 -2.127212047576904297e+00 1.168986797332763672e+01 -4.308825492858886719e+00 2.588776350021362305e+00 -6.830298900604248047e+00
-4.822575092315673828e+00 -2.755499362945556641e+00 9.947036743164062500e+00 6.244498729705810547e+00 -2.664986610412597656e+00 -6.088128089904785156e+00 -8.776949882507324219e+00 1.367292690277099609e+01 6.976817250251770020e-01 -3.833649635314941406e+00
1.793940186500549316e+00 -3.211734816431999207e-02 6.167012691497802734e+00 7.650545835494995117e-01 -3.832816600799560547e+00 -3.394748449325561523e+00 -5.835991859436035156e+00 2.566297054290771484e+00 1.380971431732177734e+00 -6.086328625679016113e-01
2.098077392578125000e+01 -6.194095134735107422e+00 7.378809452056884766e+00 -3.295175552368164062e+00 -1.030610370635986328e+01 -2.472940921783447266e+00 4.424184322357177734e+00 -5.293374657630920410e-01 -7.327360153198242188e+00 3.340164899826049805e+00
-2.033846616744995117e+00 -3.236579596996307373e-01 -1.881475090980529785e+00 2.186275720596313477e+00 -2.034311294555664062e+00 9.166713714599609375e+00 4.859002113342285156e+00 -7.558279991149902344e+00 3.163727521896362305e+00 8.273862004280090332e-01
1.200759124755859375e+01 -6.670212745666503906e+00 3.960619211196899414e+00 1.729345798492431641e+00 -2.881623029708862305e+00 5.607019066810607910e-01 9.834418445825576782e-02 -4.649532794952392578e+00 -4.017776489257812500e+00 2.573641061782836914e+00
7.435705065727233887e-01 -1.725010752677917480e+00 -1.480946838855743408e-01 1.178258800506591797e+01 -8.751434326171875000e+00 6.758987426757812500e+00 8.154287934303283691e-01 -7.415825843811035156e+00 -1.684819579124450684e+00 -1.132060885429382324e+00
-1.348752975463867188e+00 -2.070553749799728394e-01 3.155304908752441406e+00 -2.930512428283691406e+00 7.715806484222412109e+00 2.310176134109497070e+00 -3.781869113445281982e-01 -3.508863449096679688e+00 -3.530463576316833496e-01 1.304092168807983398e+00
9.110529899597167969e+00 -1.199768924713134766e+01 3.353986978530883789e+00 -2.208051443099975586e+00 1.836350202560424805e+00 8.528488874435424805e-01 7.085772752761840820e-01 -1.403816938400268555e-01 -3.264417171478271484e+00 4.164845943450927734e+00
-6.022865295410156250e+00 1.147674846649169922e+01 -1.952070116996765137e+00 4.146130979061126709e-01 3.704540252685546875e+00 -5.955628395080566406e+00 -1.686163783073425293e+00 3.754524707794189453e+00 2.144264698028564453e+00 5.712500810623168945e-01
-4.338256359100341797e+00 1.111694240570068359e+01 3.347661197185516357e-01 -6.747510433197021484e-01 8.287748098373413086e-01 -3.228692054748535156e+00 -1.114519357681274414e+00 1.745205521583557129e+00 2.867381572723388672e+00 -2.025484085083007812e+00
-7.027424335479736328e+00 -4.765659332275390625e+00 -2.404670417308807373e-01 -2.542355298995971680e+00 1.478853416442871094e+01 -2.555602312088012695e+00 -2.281792163848876953e+00 4.105628967285156250e+00 -4.595461487770080566e-01 6.522399425506591797e+00
-3.998627901077270508e+00 9.633980751037597656e+00 -1.570832371711730957e+00 1.314986646175384521e-01 7.920023798942565918e-02 -1.465393066406250000e+00 1.313533186912536621e+00 -8.370168209075927734e-01 2.542373895645141602e+00 -1.759470939636230469e+00
-6.434909105300903320e-01 -6.877979040145874023e-01 7.029929161071777344e+00 8.268976211547851562e+00 -8.576760292053222656e+00 -1.124748802185058594e+01 -1.420892715454101562e+01 1.646744537353515625e+01 3.875013113021850586e+00 7.889347076416015625e+00
-6.180042743682861328e+00 -4.572854638099670410e-01 5.755400180816650391e+00 1.894931411743164062e+01 -7.235327720642089844e+00 3.910874366760253906e+00 -1.080015182495117188e+01 -5.526567935943603516e+00 4.271820068359375000e+00 5.857937932014465332e-01
1.126639723777770996e+00 -2.712324142456054688e+00 2.689922571182250977e+00 -2.209109067916870117e+00 1.330063462257385254e+00 6.302441358566284180e-01 1.750487327575683594e+01 -8.323596000671386719e+00 -3.650700092315673828e+00 -8.307046890258789062e+00
2.308022022247314453e+00 -1.589580297470092773e+00 5.339978218078613281e+00 1.025053310394287109e+01 -1.707398223876953125e+01 4.823543071746826172e+00 -1.501676940917968750e+01 1.675681877136230469e+01 -8.817296981811523438e+00 3.545792102813720703e+00
-4.182598114013671875e+00 -4.315633773803710938e+00 -1.800173521041870117e+00 2.452362537384033203e+00 3.130059003829956055e+00 -1.557397484779357910e+00 -8.615108489990234375e+00 2.907502651214599609e+00 4.791548728942871094e+00 1.338170146942138672e+01
-4.726049900054931641e-01 -1.027274513244628906e+01 2.443538188934326172e+00 -5.586243152618408203e+00 1.581752109527587891e+01 -2.189251184463500977e+00 2.130160808563232422e+00 2.946902751922607422e+00 2.915139198303222656e+00 2.992835521697998047e+00
6.809980869293212891e+00 -1.343783950805664062e+01 2.294433116912841797e+00 -9.391820907592773438e+00 7.417659282684326172e+00 -2.886624336242675781e+00 1.470114040374755859e+01 6.817972064018249512e-01 -5.917013168334960938e+00 -2.707024335861206055e+00
-4.646988868713378906e+00 2.560716867446899414e+00 7.149761319160461426e-01 1.194851779937744141e+01 -1.124930763244628906e+01 2.502478837966918945e+00 -6.773767471313476562e+00 1.822939991950988770e+00 5.917435169219970703e+00 1.509923338890075684e+00
-5.027184009552001953e+00 -8.131218910217285156e+00 3.037266016006469727e+00 -3.659076213836669922e+00 4.485048055648803711e-01 3.307289361953735352e+00 1.401241683959960938e+01 -2.842770576477050781e+00 3.720809698104858398e+00 -4.935426712036132812e+00
3.034185171127319336e+00 -2.792179346084594727e+00 -6.684990525245666504e-01 2.633699893951416016e+00 -1.095718955993652344e+01 1.354719638824462891e+01 -5.046060085296630859e-01 -3.705333709716796875e+00 2.478144168853759766e+00 1.218017458915710449e+00
-2.049511432647705078e+00 1.208027839660644531e+01 8.252764344215393066e-01 -1.359498053789138794e-01 1.099702477455139160e+00 -5.671301841735839844e+00 -3.548453092575073242e+00 5.963063716888427734e+00 1.626126527786254883e+00 -2.079151630401611328e+00
-2.942454814910888672e+00 1.171574020385742188e+01 7.667571306228637695e-01 1.040951982140541077e-01 1.842448830604553223e+00 -5.336236476898193359e+00 -1.891735792160034180e+00 4.121904850006103516e+00 2.736099720001220703e+00 -4.678936958312988281e+00
-3.392847776412963867e+00 -6.824271082878112793e-01 5.147201538085937500e+00 3.553146362304687500e+00 -1.825514197349548340e+00 -1.689106822013854980e+00 -3.661077260971069336e+00 7.973612785339355469e+00 1.506042480468750000e+00 -2.314294338226318359e+00
5.480229854583740234e+00 -3.988891124725341797e+00 -6.971110343933105469e+00 -1.190594434738159180e+00 -1.223112964630126953e+01 1.683213806152343750e+01 -3.502853393554687500e+00 2.348379850387573242e+00 7.297307014465332031e+00 -5.041955709457397461e-01
1.620921730995178223e+00 -2.302610397338867188e+00 1.075192540884017944e-02 1.039525318145751953e+01 -7.235385894775390625e+00 2.992319345474243164e+00 -7.589303493499755859e+00 -3.587968111038208008e+00 3.134982824325561523e+00 4.654586315155029297e+00
-2.896696805953979492e+00 -3.328676462173461914e+00 1.070202827453613281e+00 7.257251143455505371e-01 -1.426533579826354980e+00 -1.084240436553955078e+00 1.631858062744140625e+01 -5.612670898437500000e+00 9.469249844551086426e-01 -7.420433044433593750e+00
-1.793302774429321289e+00 1.222850704193115234e+01 6.500754833221435547e+00 -1.951071977615356445e+00 -1.511949658393859863e+00 -4.717464923858642578e+00 -1.315765857696533203e+00 2.930501699447631836e+00 1.563838958740234375e+00 -7.499198436737060547e+00
-3.221489667892456055e+00 -1.243764400482177734e+00 4.718069553375244141e+00 6.309989929199218750e+00 -4.837644577026367188e+00 -1.784767031669616699e+00 -5.094584941864013672e+00 -9.962329268455505371e-01 1.207630920410156250e+01 2.505922794342041016e+00
7.149264335632324219e+00 -6.737516403198242188e+00 1.567393589019775391e+01 1.831046819686889648e+00 -3.428211212158203125e+00 -9.143548011779785156e+00 -5.273455619812011719e+00 1.634213089942932129e+00 3.337455987930297852e+00 1.065707683563232422e+00
4.152364253997802734e+00 7.644837498664855957e-01 1.639535307884216309e+00 8.223477363586425781e+00 -1.533400726318359375e+01 1.224396991729736328e+01 -9.592843055725097656e+00 1.791274189949035645e+00 -3.139542341232299805e+00 1.489287614822387695e+00
-2.180909395217895508e+00 -3.622028589248657227e+00 4.264030933380126953e+00 -1.992167592048645020e+00 -2.751259326934814453e+00 6.464294910430908203e+00 1.557959365844726562e+01 -1.050125217437744141e+01 4.767967700958251953e+00 -6.011676311492919922e+00
4.954421520233154297e+00 -7.659657955169677734e+00 2.144637584686279297e+00 -6.206091880798339844e+00 5.695236206054687500e+00 -4.205561161041259766e+00 1.478734970092773438e+01 -2.488704025745391846e-01 -8.986536026000976562e+00 -3.785006761550903320e+00
-2.975900650024414062e+00 -9.662455916404724121e-01 1.485490989685058594e+01 4.888093948364257812e+00 -6.783293247222900391e+00 9.644120335578918457e-01 -4.095602989196777344e+00 4.320206344127655029e-01 4.841963291168212891e+00 -6.335411548614501953e+00
1.257423758506774902e+00 -3.845937490463256836e+00 1.771456146240234375e+01 3.339262485504150391e+00 -5.786656379699707031e+00 -1.164460849761962891e+01 -7.155124187469482422e+00 7.694916248321533203e+00 8.137817382812500000e+00 -5.134742736816406250e+00
-9.629318714141845703e-01 -3.649946749210357666e-01 1.133440685272216797e+01 5.764816761016845703e+00 -4.536014080047607422e+00 -7.078525066375732422e+00 -7.369578838348388672e+00 4.326678276062011719e+00 6.619153976440429688e+00 -1.287996292114257812e+00
-6.294698715209960938e+00 -1.055823802947998047e+00 -4.123555183410644531e+00 7.734102010726928711e-01 -1.373272180557250977e+00 6.210376262664794922e+00 -8.820167183876037598e-01 -1.176872849464416504e+00 5.711174964904785156e+00 9.045898437500000000e+00
-4.985441267490386963e-02 -2.554457664489746094e+00 3.741242736577987671e-02 -2.086216688156127930e+00 -6.036823987960815430e-01 8.611229062080383301e-01 1.592569160461425781e+01 -5.735509395599365234e+00 -7.301841259002685547e+00 -6.150082588195800781e+00
-1.356835365295410156e+00 -9.849015235900878906e+00 2.758437395095825195e+00 1.478974342346191406e+00 6.854854583740234375e+00 -5.607836246490478516e+00 -6.019534587860107422e+00 3.299474239349365234e+00 3.667210340499877930e+00 1.285379505157470703e+01
2.981362104415893555e+00 -1.547547698020935059e+00 5.117451190948486328e+00 7.839089393615722656e+00 -1.351732158660888672e+01 7.883916854858398438e+00 -1.205478191375732422e+01 1.013500976562500000e+01 -4.457780838012695312e+00 -2.111882269382476807e-01
-6.684640407562255859e+00 -8.639081954956054688e+00 -3.350471735000610352e+00 7.657617330551147461e-01 8.164197921752929688e+00 2.494922094047069550e-02 -9.406907081604003906e+00 7.049367427825927734e+00 4.589069366455078125e+00 1.620147323608398438e+01
-3.732934236526489258e+00 -3.284511804580688477e+00 -4.465574741363525391e+00 2.447302579879760742e+00 2.747616529464721680e+00 5.097672343254089355e-01 -7.149875164031982422e+00 9.361745119094848633e-01 4.929729998111724854e-01 1.388330173492431641e+01
3.110917091369628906e+00 -6.099175930023193359e+00 1.865565538406372070e+00 -3.486349105834960938e+00 6.447331428527832031e+00 -1.376656174659729004e+00 1.051041603088378906e+01 -1.760181307792663574e+00 -5.380036830902099609e+00 -3.347163438796997070e+00
-3.514924526214599609e+00 -5.995016098022460938e+00 -6.339957714080810547e-01 3.502202987670898438e+00 -7.540983200073242188e+00 1.381782531738281250e+01 -1.208330059051513672e+01 9.533839821815490723e-01 5.995400428771972656e+00 4.557105541229248047e+00
1.464479732513427734e+01 -4.976973056793212891e+00 3.724802494049072266e+00 -2.351921081542968750e+00 -9.067144393920898438e+00 1.489935994148254395e+00 -1.223994851112365723e+00 -1.869816064834594727e+00 -2.806436777114868164e+00 2.352530479431152344e+00
-8.222946166992187500e+00 1.948471963405609131e-01 9.734372138977050781e+00 2.261890602111816406e+01 -1.123331737518310547e+01 3.372353553771972656e+00 -7.724150180816650391e+00 4.719816207885742188e+00 4.800010681152343750e+00 -8.141306877136230469e+00
-3.125236630439758301e-01 -4.723185062408447266e+00 1.632406616210937500e+01 6.615058422088623047e+00 -2.635517358779907227e+00 -2.651254415512084961e+00 -2.960799932479858398e+00 -2.694515466690063477e+00 1.874301075935363770e+00 -5.206814289093017578e+00
-3.245333433151245117e+00 1.247952079772949219e+01 -1.213237166404724121e+00 1.959711074829101562e+00 2.259621918201446533e-01 -4.804101467132568359e+00 -1.445060253143310547e+00 2.042349576950073242e+00 6.208828449249267578e+00 -2.911716699600219727e+00
-5.639090061187744141e+00 -7.743725776672363281e+00 -3.570187568664550781e+00 -3.816487312316894531e+00 1.436902427673339844e+01 -2.260156869888305664e+00 -2.568300962448120117e+00 5.596458911895751953e+00 3.306934833526611328e+00 8.940373420715332031e+00
-4.415460586547851562e+00 -5.100149631500244141e+00 -1.599211692810058594e+00 -1.858991831541061401e-01 3.417715311050415039e+00 1.329328417778015137e+00 -5.792325735092163086e-01 -1.427411884069442749e-01 3.126913309097290039e+00 1.200649642944335938e+01
-5.103865265846252441e-01 3.093988418579101562e+00 1.367054748535156250e+01 1.880079746246337891e+00 -1.614165115356445312e+01 -5.401243686676025391e+00 -6.139714717864990234e+00 1.419644474983215332e+00 8.894229888916015625e+00 2.088052988052368164e+00
-4.572570323944091797e+00 -5.509451389312744141e+00 9.498366117477416992e-01 1.140041160583496094e+01 -1.428759384155273438e+01 2.160062408447265625e+01 -3.343910455703735352e+00 -7.300373554229736328e+00 3.998040676116943359e+00 7.250731945037841797e+00
9.666119575500488281e+00 -1.036169815063476562e+01 -8.480997681617736816e-01 -6.857623457908630371e-01 -6.348354816436767578e+00 5.152976512908935547e+00 -2.024703621864318848e-01 7.318080067634582520e-01 1.650161623954772949e+00 2.764261722564697266e+00
-8.297626972198486328e-01 1.246668815612792969e+01 3.783573150634765625e+00 -1.532645344734191895e+00 8.131341636180877686e-02 -3.614608049392700195e+00 -4.153602719306945801e-01 2.124480962753295898e+00 2.162165403366088867e+00 -6.277279853820800781e+00
2.050784301757812500e+01 -9.295094490051269531e+00 4.213178634643554688e+00 7.357808947563171387e-01 -7.286007404327392578e+00 1.092370748519897461e+00 2.711037397384643555e+00 -5.566273331642150879e-01 -1.146198940277099609e+01 2.792533874511718750e+00
-6.528805732727050781e+00 -1.940649390220642090e+00 -1.549198329448699951e-01 1.190410804748535156e+01 -5.312721133232116699e-01 7.671360492706298828e+00 -4.113292217254638672e+00 -2.239401102066040039e+00 3.118851423263549805e+00 1.454465985298156738e+00
-8.530950546264648438e+00 -4.913585186004638672e-01 -5.449353694915771484e+00 2.132673740386962891e+00 1.195876693725585938e+01 -6.853724122047424316e-01 -1.057016944885253906e+01 2.948196649551391602e+00 -2.625770568847656250e-01 1.613265037536621094e+01
3.057141900062561035e-01 -5.743047595024108887e-01 1.464765644073486328e+01 1.948437929153442383e+00 -2.989363193511962891e+00 -2.717745065689086914e+00 8.552812337875366211e-01 -1.415608882904052734e+00 4.419133961200714111e-01 -8.236064910888671875e+00
6.048811078071594238e-01 1.206272721290588379e+00 2.614511251449584961e+00 1.320561027526855469e+01 -1.185637855529785156e+01 3.266638994216918945e+00 -1.046770191192626953e+01 -3.897971868515014648e+00 3.922042846679687500e+00 5.410615444183349609e+00
-5.351690769195556641e+00 -5.770837306976318359e+00 5.051950812339782715e-01 3.094379663467407227e+00 3.211630821228027344e+00 -2.440082788467407227e+00 -7.540569782257080078e+00 3.758196830749511719e+00 1.921623468399047852e+00 1.465868186950683594e+01
8.486238718032836914e-01 -1.291954874992370605e+00 8.695116996765136719e+00 5.780571460723876953e+00 -1.012468433380126953e+01 -4.828755855560302734e+00 -4.435765147209167480e-01 3.374096453189849854e-01 1.308400344848632812e+01 -6.298264503479003906e+00
-9.375941276550292969e+00 3.431893825531005859e+00 1.087465476989746094e+01 1.959556579589843750e+01 -1.729951477050781250e+01 6.916466236114501953e+00 -1.069613265991210938e+01 7.762355804443359375e-01 5.574609756469726562e+00 -3.721930742263793945e+00
-1.237526655197143555e+00 1.261602783203125000e+01 4.194871902465820312e+00 -2.184442281723022461e+00 2.952595651149749756e-01 -6.402465343475341797e+00 -2.229615926742553711e+00 4.010959625244140625e+00 1.359313607215881348e+00 -4.270198345184326172e+00
-3.278214454650878906e+00 6.648499488830566406e+00 9.643646240234375000e+00 7.316948890686035156e+00 -6.120618343353271484e+00 -8.010943412780761719e+00 -3.272749900817871094e+00 5.644669055938720703e+00 3.584844589233398438e+00 -4.464323043823242188e+00
-2.050726264715194702e-01 -3.890070676803588867e+00 5.407914638519287109e+00 -1.473880410194396973e+00 -3.038016319274902344e+00 -1.380681842565536499e-01 -8.243996620178222656e+00 1.065755939483642578e+01 -1.558893918991088867e+00 3.146469593048095703e+00
-8.707488059997558594e+00 -2.133636474609375000e+00 -2.346379756927490234e+00 -4.006444513797760010e-01 1.560906791687011719e+01 -3.184046506881713867e+00 -1.945241928100585938e+00 6.590000629425048828e+00 -4.600238427519798279e-02 7.137036800384521484e+00
-3.296185970306396484e+00 1.190684127807617188e+01 8.039416670799255371e-01 6.055699586868286133e-01 4.736842155456542969e+00 -7.539468765258789062e+00 -6.836338996887207031e+00 6.861469745635986328e+00 -3.168592453002929688e+00 2.000408411026000977e+00
2.122084236145019531e+01 -8.023325920104980469e+00 4.175937652587890625e+00 -2.818437814712524414e+00 -1.146464252471923828e+01 3.709362506866455078e+00 7.005985736846923828e+00 -8.060415983200073242e-01 -9.753275513648986816e-01 -4.858895301818847656e+00
-7.048950672149658203e+00 9.081923484802246094e+00 -1.165226340293884277e+00 1.346665859222412109e+00 2.192476987838745117e+00 -1.296371340751647949e+00 1.775949299335479736e-01 -1.828318357467651367e+00 3.231640577316284180e+00 -2.041113615036010742e+00
-5.420250415802001953e+00 -4.293142795562744141e+00 -3.912070035934448242e+00 -2.237895250320434570e+00 1.487110900878906250e+01 -3.263402938842773438e+00 -2.872336387634277344e+00 4.798905372619628906e+00 -5.677196383476257324e-01 5.093287467956542969e+00
-4.712664604187011719e+00 -1.613485693931579590e+00 -2.900495767593383789e+00 8.195818662643432617e-01 5.957673549652099609e+00 -9.035073518753051758e-01 -1.120087718963623047e+01 5.898036479949951172e+00 -1.022088289260864258e+00 1.565435123443603516e+01
-5.250421047210693359e+00 4.306827068328857422e+00 -5.467987537384033203e+00 -1.234394192695617676e+00 1.228761386871337891e+01 -6.362370848655700684e-01 -5.459824085235595703e+00 1.044580578804016113e+00 1.992356300354003906e+00 7.825398921966552734e+00
1.611330413818359375e+01 -6.501259326934814453e+00 3.668468475341796875e+00 -4.558303833007812500e+00 -2.936095476150512695e+00 -2.323543787002563477e+00 6.403754234313964844e+00 -2.189732551574707031e+00 -6.123213291168212891e+00 2.151382446289062500e+00
4.673753380775451660e-01 1.245250988006591797e+01 2.242216348648071289e+00 -2.668041229248046875e+00 -3.633127212524414062e-01 -3.237200975418090820e+00 1.461931705474853516e+00 -3.839790225028991699e-01 3.655983686447143555e+00 -5.595847606658935547e+00
9.186818599700927734e-01 -3.260758399963378906e+00 1.398634243011474609e+01 1.016468405723571777e+00 1.658735990524291992e+00 -6.040642261505126953e+00 1.566775739192962646e-01 6.663858890533447266e-01 -2.758872807025909424e-01 -4.140951633453369141e+00
1.838821917772293091e-01 -3.357952356338500977e+00 -5.694597721099853516e+00 3.786019086837768555e+00 -5.626368522644042969e+00 1.588001346588134766e+01 -5.072132587432861328e+00 8.703510165214538574e-01 2.184156656265258789e+00 7.293619513511657715e-01
-5.881855487823486328e+00 1.118977928161621094e+01 -2.191877603530883789e+00 -1.099347114562988281e+00 2.221738576889038086e+00 -2.380844831466674805e+00 -6.533164978027343750e-01 6.252017617225646973e-01 3.697009086608886719e+00 4.121407400816679001e-03
-1.394202470779418945e+00 -2.002897739410400391e+00 2.226474761962890625e+01 4.289965629577636719e+00 -1.699720025062561035e+00 -9.510293006896972656e+00 -5.048648834228515625e+00 2.074454575777053833e-01 4.189780712127685547e+00 -8.384672164916992188e+00
4.266700148582458496e-02 -2.045177459716796875e+00 1.952425718307495117e+00 3.976810723543167114e-03 -2.483915805816650391e+00 -1.205418109893798828e+00 -1.350659275054931641e+01 1.644646453857421875e+01 -2.050211191177368164e+00 5.416390895843505859e+00
-4.580245614051818848e-01 -3.174126625061035156e+00 1.900847816467285156e+01 8.745137214660644531e+00 -7.207273483276367188e+00 -1.142444324493408203e+01 -1.113726520538330078e+01 9.131529808044433594e+00 6.858099460601806641e+00 -5.984513759613037109e+00
-1.454539537429809570e+00 -8.513691902160644531e+00 1.400979280471801758e+00 -8.435770273208618164e-01 -2.523113250732421875e+00 7.953671813011169434e-01 1.793398475646972656e+01 -4.771253108978271484e+00 1.184197664260864258e+00 -6.563982963562011719e+00
1.450915622711181641e+01 -7.516368865966796875e+00 6.519626140594482422e+00 1.189950585365295410e+00 -1.184837436676025391e+01 -9.119422733783721924e-02 -2.213146209716796875e+00 2.463750839233398438e+00 -2.176022052764892578e+00 3.618870019912719727e+00
-1.007679462432861328e+00 -4.900979042053222656e+00 1.110614418983459473e+00 4.679776668548583984e+00 -1.727927803993225098e+00 -8.531232178211212158e-02 -1.901353001594543457e+00 -5.075358390808105469e+00 1.483218860626220703e+01 1.365765929222106934e+00
-7.596500396728515625e+00 -1.382331848144531250e+00 -2.285704135894775391e+00 -1.055438518524169922e+00 1.338236904144287109e+01 -3.469945192337036133e+00 -5.668886184692382812e+00 4.022821903228759766e+00 3.671947956085205078e+00 5.448405742645263672e+00
-9.750002026557922363e-01 -4.919450283050537109e+00 1.843227148056030273e+00 -6.063406467437744141e+00 2.664508223533630371e-01 1.296668529510498047e+00 1.454076957702636719e+01 -3.108665227890014648e+00 -1.525430917739868164e+00 -6.584515094757080078e+00
9.950724840164184570e-01 -7.398318290710449219e+00 6.022067070007324219e+00 -9.227082729339599609e-01 -7.730835437774658203e+00 4.890143871307373047e+00 2.958206892013549805e+00 -1.010197734832763672e+01 1.697123146057128906e+01 4.990172863006591797e+00
-9.102992057800292969e+00 8.021915435791015625e+00 2.219324111938476562e-01 1.821103811264038086e+00 8.516908288002014160e-01 -1.553595185279846191e+00 -5.090188503265380859e+00 1.332223176956176758e+00 2.284568548202514648e+00 1.060709476470947266e+00
-2.020143270492553711e+00 -5.304140567779541016e+00 2.014893531799316406e+00 -4.627628326416015625e+00 5.633467674255371094e+00 1.377751708030700684e+00 8.472809791564941406e-01 -7.226939797401428223e-01 8.567913055419921875e+00 -2.729708552360534668e-01
