-9.778138160705566406e+00 -1.357456684112548828e+00 6.045600771903991699e-01 -6.043279647827148438e+00 1.993927383422851562e+01 -6.296640038490295410e-01 -2.534769535064697266e+00 3.068141222000122070e+00 -2.666208505630493164e+00 -2.021209478378295898e+00
-1.664094924926757812e+01 1.707895517349243164e+00 -9.792878150939941406e+00 -3.264785766601562500e+00 2.161089897155761719e+01 -1.954374074935913086e+00 -8.805791854858398438e+00 4.472748279571533203e+00 3.511350154876708984e+00 7.844878196716308594e+00
-4.703601002693176270e-01 1.619695782661437988e+00 1.432981681823730469e+01 4.048511981964111328e+00 -6.001768589019775391e+00 -4.413419365882873535e-01 -7.494603157043457031e+00 6.490502357482910156e+00 -5.055252075195312500e+00 -7.969706535339355469e+00
-6.530934572219848633e-01 1.758727550506591797e+00 -6.179338932037353516e+00 -2.712802886962890625e+00 -4.784168243408203125e+00 1.191615867614746094e+01 5.382731437683105469e+00 -6.394573211669921875e+00 4.115668773651123047e+00 -3.067535638809204102e+00
-6.699925422668457031e+00 -1.729450821876525879e+00 -1.972043633460998535e+00 1.999775505065917969e+01 -6.201766490936279297e+00 5.668422222137451172e+00 -8.708923339843750000e+00 -8.274708747863769531e+00 5.820896625518798828e+00 3.266410827636718750e+00
-2.612950563430786133e+00 -6.958234786987304688e+00 -1.561916255950927734e+01 1.395605468750000000e+01 -9.749668121337890625e+00 2.055673599243164062e+01 1.232522845268249512e+00 -8.400423049926757812e+00 3.376854896545410156e+00 4.206683635711669922e+00
9.102411270141601562e+00 -4.074183940887451172e+00 4.716682732105255127e-01 -2.500417470932006836e+00 4.351325035095214844e-01 -1.104126214981079102e+00 -2.425486326217651367e+00 -5.072414875030517578e-01 -6.350883007049560547e+00 4.007564544677734375e+00
-8.348182678222656250e+00 -6.507915496826171875e+00 -3.586272001266479492e+00 2.080647230148315430e+00 4.868576526641845703e+00 -2.697404623031616211e+00 -9.761776924133300781e+00 4.947326660156250000e+00 5.103619575500488281e+00 1.577008533477783203e+01
-1.037911891937255859e+01 -6.945346295833587646e-02 -1.255120038986206055e+00 2.265572166442871094e+01 -8.569128990173339844e+00 9.217278480529785156e+00 -1.089036560058593750e+01 -3.895264863967895508e+00 6.668233394622802734e+00 5.714913606643676758e-01
-5.273511886596679688e+00 4.291189670562744141e+00 6.708538532257080078e+00 9.599149703979492188e+00 -7.979658603668212891e+00 -7.223190784454345703e+00 -2.053338813781738281e+01 1.812442207336425781e+01 2.041859388351440430e+00 5.023309707641601562e+00
-1.868088722229003906e+00 4.289534091949462891e+00 -5.723668098449707031e+00 -5.060642242431640625e+00 8.896664977073669434e-01 1.615664720535278320e+00 -1.490847682952880859e+01 1.623788833618164062e+01 -9.690258502960205078e-01 2.006071090698242188e+00
-8.498242497444152832e-02 -8.925197720527648926e-01 -1.472126007080078125e+00 -5.334837436676025391e-01 -4.499654769897460938e+00 -7.389960289001464844e-01 -7.244153976440429688e+00 -3.956724882125854492e+00 1.682446861267089844e+01 4.846339821815490723e-01
-1.319884586334228516e+01 -1.273707151412963867e+00 -7.291615962982177734e+00 5.470617294311523438e+00 1.052328300476074219e+01 -2.349770307540893555e+00 -1.262162208557128906e+01 3.326136589050292969e+00 1.788201451301574707e+00 1.771866989135742188e+01
3.726715445518493652e-01 -5.034574508666992188e+00 1.468634128570556641e+01 2.249692440032958984e+00 -4.626783370971679688e+00 -8.467617034912109375e-01 -5.272439956665039062e+00 3.647183656692504883e+00 2.019604921340942383e+00 -6.981912612915039062e+00
-6.392713189125061035e-01 -1.160360908508300781e+01 1.904646992683410645e+00 -6.947624206542968750e+00 6.879039287567138672e+00 1.806806564331054688e+00 1.269870471954345703e+01 -4.362945079803466797e+00 1.613169312477111816e+00 -5.974926471710205078e+00
-3.144843101501464844e+00 2.970731630921363831e-02 2.458957195281982422e+00 2.908453702926635742e+00 -3.059475183486938477e+00 -2.486940145492553711e+00 -1.756114196777343750e+01 1.698991966247558594e+01 -9.829313755035400391e-01 6.606944561004638672e+00
-3.148634910583496094e+00 -1.027822780609130859e+01 -1.336981582641601562e+01 1.334296226501464844e+01 -9.168976783752441406e+00 1.997984313964843750e+01 3.225884675979614258e+00 -1.229348945617675781e+01 6.457542896270751953e+00 2.594837427139282227e+00
-2.087829828262329102e+00 9.973813056945800781e+00 1.882149124145507812e+01 -2.271936535835266113e-01 1.950606703758239746e+00 -1.275745868682861328e+00 -4.395344734191894531e+00 -1.640344619750976562e+00 -3.462238788604736328e+00 -1.554119014739990234e+01
-4.836545944213867188e+00 -6.306155204772949219e+00 -1.222913169860839844e+01 8.489028930664062500e+00 -5.236994743347167969e+00 1.661251640319824219e+01 -5.032337903976440430e-01 -4.895396709442138672e+00 5.043081283569335938e+00 4.534411907196044922e+00
-5.352153778076171875e+00 -1.305586719512939453e+01 -8.367765426635742188e+00 7.539757251739501953e+00 -9.588932037353515625e+00 2.011725807189941406e+01 1.224153995513916016e+00 -3.285280466079711914e+00 4.589860916137695312e+00 7.593828678131103516e+00
-1.348281764984130859e+01 1.132261604070663452e-01 -1.785671591758728027e+00 -5.008992195129394531e+00 2.422973823547363281e+01 -4.089808464050292969e+00 -6.493386268615722656e+00 4.857305526733398438e+00 -1.381032466888427734e-01 2.261094808578491211e+00
-7.183399200439453125e+00 1.891772747039794922e+00 -1.545489907264709473e+00 1.704679298400878906e+01 -7.404859542846679688e+00 2.892336845397949219e+00 -1.204855251312255859e+01 1.956608653068542480e+00 6.862773895263671875e+00 1.770930171012878418e+00
-9.608775138854980469e+00 -1.013645362854003906e+01 -3.059461116790771484e+00 6.421896934509277344e+00 5.228035926818847656e+00 -1.393744349479675293e-01 -1.054438114166259766e+01 4.691073894500732422e+00 3.038774251937866211e+00 1.904393005371093750e+01
4.127247333526611328e+00 -1.170253181457519531e+01 -1.717416167259216309e+00 -7.980184078216552734e+00 -2.548029184341430664e+00 2.881610155105590820e+00 1.764410781860351562e+01 -7.650331020355224609e+00 2.904622077941894531e+00 6.860739737749099731e-02
-4.483705043792724609e+00 -4.051332473754882812e+00 3.250793457031250000e+00 1.277419376373291016e+01 -2.058471441268920898e+00 5.404719352722167969e+00 -5.451373577117919922e+00 -4.983226776123046875e+00 2.513226509094238281e+00 -1.911139130592346191e+00
3.548128843307495117e+00 -1.232945823669433594e+01 -5.230375289916992188e+00 -6.867044448852539062e+00 -4.312873780727386475e-01 4.566045284271240234e+00 2.257246971130371094e+01 -6.827276706695556641e+00 1.114874839782714844e+00 -4.949779510498046875e+00
-1.252913665771484375e+01 -6.551895141601562500e+00 -8.278510093688964844e+00 2.814852952957153320e+00 5.830343365669250488e-01 7.482666492462158203e+00 -2.332956075668334961e+00 -3.262879371643066406e+00 2.027035140991210938e+01 8.372854590415954590e-01
-5.253653526306152344e+00 -2.693240404129028320e+00 -3.148119747638702393e-01 1.748934936523437500e+01 -7.458889007568359375e+00 6.685318946838378906e+00 -9.340236663818359375e+00 -5.348584651947021484e+00 1.703768849372863770e+00 5.810157299041748047e+00
-6.139160156250000000e+00 -8.312295913696289062e+00 3.656032085418701172e+00 2.475758314132690430e+00 -7.157474040985107422e+00 6.600106239318847656e+00 -3.382148981094360352e+00 -2.637323141098022461e+00 1.362451267242431641e+01 4.515246391296386719e+00
1.412311267852783203e+01 -5.657553195953369141e+00 3.906353473663330078e+00 -8.875376701354980469e+00 -5.659471035003662109e+00 -1.102093935012817383e+00 3.373082160949707031e+00 -6.064796447753906250e-01 -5.209844589233398438e+00 1.051064848899841309e+00
-6.511907100677490234e+00 1.084030342102050781e+01 -1.495787501335144043e+00 -4.097743034362792969e+00 3.479590177536010742e+00 -3.476317167282104492e+00 -4.224068641662597656e+00 2.711772680282592773e+00 1.239328742027282715e+00 1.757796764373779297e+00
4.989856854081153870e-03 2.229176521301269531e+00 1.955388641357421875e+01 5.295981884002685547e+00 -1.261829566955566406e+01 -6.874458312988281250e+00 -1.266020202636718750e+01 7.857637405395507812e+00 3.078356981277465820e+00 -3.825107812881469727e+00
1.547360801696777344e+01 -2.405724763870239258e+00 1.892136812210083008e+00 -8.185309410095214844e+00 -2.721378564834594727e+00 -2.370879888534545898e+00 2.674553155899047852e+00 -3.665735721588134766e+00 -1.495793581008911133e+00 -2.282825469970703125e+00
-6.454699516296386719e+00 -7.028213977813720703e+00 -4.695375919342041016e+00 -4.862866878509521484e+00 1.052330875396728516e+01 -1.531365394592285156e+00 1.895911931991577148e+00 -1.350223064422607422e+00 3.336042165756225586e+00 9.040019989013671875e+00
-4.209049224853515625e+00 1.386625289916992188e+01 3.278786838054656982e-01 -5.764638423919677734e+00 1.299929499626159668e+00 -5.204861640930175781e+00 -5.876911640167236328e+00 1.270765900611877441e+00 3.472791671752929688e+00 -1.501505613327026367e+00
7.628209114074707031e+00 6.084873676300048828e-01 9.465088844299316406e-01 -2.766199111938476562e+00 -6.100262165069580078e+00 1.925095021724700928e-01 -1.495446801185607910e+00 1.476884245872497559e+00 -5.642852783203125000e-01 -1.262353539466857910e+00
8.895171880722045898e-01 -2.376175403594970703e+00 -1.320739984512329102e+00 1.575247955322265625e+01 -1.040103054046630859e+01 8.095018386840820312e+00 -2.701824426651000977e+00 -4.615550041198730469e+00 -2.428404092788696289e+00 -3.233407974243164062e+00
1.681919288635253906e+01 -3.345912933349609375e+00 3.283272266387939453e+00 -9.742864608764648438e+00 -3.111445188522338867e+00 -1.069228172302246094e+00 2.644716739654541016e+00 -2.619634866714477539e+00 -8.466235160827636719e+00 1.490557432174682617e+00
2.305049419403076172e+00 -6.938535213470458984e+00 -5.659347057342529297e+00 -2.812388181686401367e+00 -6.857388019561767578e+00 1.475245475769042969e+01 2.533455371856689453e+00 -4.506544113159179688e+00 -1.213953018188476562e+00 4.152261257171630859e+00
1.358571052551269531e+01 -2.396321058273315430e+00 2.236795425415039062e+00 -7.982248783111572266e+00 -4.267153263092041016e+00 1.037642240524291992e+00 4.447319507598876953e+00 -2.686614274978637695e+00 -8.737697601318359375e+00 2.835273981094360352e+00
-5.997411727905273438e+00 -9.279470443725585938e+00 -5.007245540618896484e+00 4.602661132812500000e+00 3.329775571823120117e+00 -2.464323759078979492e+00 -1.006421566009521484e+01 3.170987606048583984e+00 6.646511077880859375e+00 1.824853706359863281e+01
1.893231010437011719e+01 -9.816493034362792969e+00 2.796760797500610352e+00 -1.124429702758789062e+01 -5.436870098114013672e+00 -2.820198833942413330e-01 4.884077548980712891e+00 -3.903211653232574463e-01 -7.576438426971435547e+00 2.988559961318969727e+00
-1.471739888191223145e+00 1.500065040588378906e+01 -1.143654286861419678e-01 -1.178847885131835938e+01 5.860730409622192383e-01 -3.132477521896362305e+00 -1.604759693145751953e+00 1.183593750000000000e+00 9.192594289779663086e-01 -1.434497833251953125e+00
-3.246585845947265625e+00 -1.227269554138183594e+01 -1.409853935241699219e+00 -3.495798587799072266e+00 1.541325092315673828e+01 -1.089873313903808594e+00 -5.080787658691406250e+00 1.322762250900268555e+00 -7.926361560821533203e-01 9.180406570434570312e+00
-4.564682483673095703e+00 1.185622215270996094e+01 -2.241028070449829102e+00 -8.326488494873046875e+00 3.599117755889892578e+00 -2.050750970840454102e+00 9.745171666145324707e-02 1.306078881025314331e-01 2.086034774780273438e+00 -9.296197295188903809e-01
1.931988143920898438e+01 -8.706556320190429688e+00 1.098081946372985840e+00 -1.094690704345703125e+01 -7.808713436126708984e+00 1.757572650909423828e+00 6.009968280792236328e+00 -1.106466412544250488e+00 -5.881922721862792969e+00 1.321098685264587402e+00
5.815055370330810547e-01 -7.888965129852294922e+00 1.881472468376159668e+00 -7.763710498809814453e+00 8.695016860961914062e+00 2.607986927032470703e+00 1.423243999481201172e+01 -6.366964340209960938e+00 -4.165712833404541016e+00 -7.140182495117187500e+00
-3.689359426498413086e+00 -7.192985534667968750e+00 -8.896329879760742188e+00 4.677646160125732422e+00 -1.080961894989013672e+01 2.009344482421875000e+01 1.794944643974304199e+00 -6.058971881866455078e+00 7.960301876068115234e+00 2.984843254089355469e+00
-3.230805873870849609e+00 5.081921100616455078e+00 4.517623484134674072e-01 1.238622665405273438e+00 -2.689116239547729492e+00 -1.782025337219238281e+00 -1.718464469909667969e+01 1.461801719665527344e+01 1.496872663497924805e+00 2.904505729675292969e+00
-1.190121054649353027e+00 -5.413609027862548828e+00 9.740501642227172852e-01 1.085034561157226562e+01 -4.260428428649902344e+00 -9.253825247287750244e-02 -3.656007051467895508e+00 -1.336179018020629883e+00 2.731123685836791992e+00 5.380955696105957031e+00
1.562323570251464844e+01 -8.883788108825683594e+00 6.357442140579223633e-01 -3.973890066146850586e+00 -5.118915081024169922e+00 -4.173963546752929688e+00 -2.944947719573974609e+00 -3.668778836727142334e-01 2.290899276733398438e+00 1.283523201942443848e+00
-3.858473300933837891e-01 5.032655715942382812e+00 2.120144081115722656e+01 2.927012920379638672e+00 -6.679318428039550781e+00 -5.175498485565185547e+00 -8.634308815002441406e+00 -1.848413109779357910e+00 3.648515939712524414e+00 -7.983911514282226562e+00
-5.171303749084472656e+00 -1.987257242202758789e+00 1.518065452575683594e+00 5.875557899475097656e+00 -9.635241508483886719e+00 6.106000423431396484e+00 -6.283380031585693359e+00 -9.112886339426040649e-02 1.292199420928955078e+01 9.640182852745056152e-01
-8.511757850646972656e+00 -5.971053123474121094e+00 -4.159087657928466797e+00 -2.824693441390991211e+00 4.144323348999023438e+00 4.867991924285888672e+00 -2.563160419464111328e+00 -6.581649303436279297e+00 1.625015258789062500e+01 1.781485199928283691e+00
-3.529875755310058594e+00 1.402762031555175781e+01 -1.848860085010528564e-01 -4.074600219726562500e+00 5.469418764114379883e-01 -6.112201213836669922e+00 -9.790523529052734375e+00 5.477668285369873047e+00 6.277953982353210449e-01 2.748698711395263672e+00
-4.346622943878173828e+00 2.093846321105957031e+00 -2.062608003616333008e+00 1.191017723083496094e+01 -3.099301815032958984e+00 2.973515033721923828e+00 -4.910684108734130859e+00 -5.353498458862304688e+00 4.107174396514892578e+00 7.737948298454284668e-01
-1.539879035949707031e+01 -4.326744556427001953e+00 -1.795960664749145508e+00 -1.550311803817749023e+00 1.627002143859863281e+01 3.028070211410522461e+00 -1.636229276657104492e+00 9.125199317932128906e-01 1.684391856193542480e+00 3.984618902206420898e+00
-1.262821197509765625e+01 -7.204191684722900391e+00 -4.071467399597167969e+00 2.258128166198730469e+00 5.155549526214599609e+00 3.071070909500122070e+00 -9.343370437622070312e+00 4.533680915832519531e+00 6.802086830139160156e+00 1.418530273437500000e+01
1.504142880439758301e+00 1.917038917541503906e+00 2.061952972412109375e+01 9.501352310180664062e+00 -1.572214221954345703e+01 -6.266305446624755859e+00 -1.523247623443603516e+01 1.064450740814208984e+01 4.819940567016601562e+00 -7.022216796875000000e+00
1.519316196441650391e+00 -1.380217361450195312e+01 5.556019306182861328e+00 2.213247537612915039e+00 -4.702956676483154297e+00 -1.123714208602905273e+00 4.417841911315917969e+00 -8.693801879882812500e+00 1.072548484802246094e+01 3.798627138137817383e+00
-1.042931175231933594e+01 -7.169435501098632812e+00 -7.867880821228027344e+00 -6.724954605102539062e+00 2.216642570495605469e+01 -3.897317171096801758e+00 -1.472911596298217773e+00 2.131606817245483398e+00 5.710663795471191406e+00 4.512953281402587891e+00
-3.421400547027587891e+00 -6.766780853271484375e+00 -1.136236763000488281e+01 7.750429630279541016e+00 -6.914184570312500000e+00 1.818897628784179688e+01 2.278326749801635742e+00 -8.107223510742187500e+00 5.397043704986572266e+00 3.092010259628295898e+00
-2.464261054992675781e+00 -2.902070522308349609e+00 4.674402713775634766e+00 1.397338962554931641e+01 -6.295083522796630859e+00 1.315054416656494141e+00 -1.024418354034423828e+01 -5.216869354248046875e+00 6.742312431335449219e+00 2.620415687561035156e+00
9.052868485450744629e-01 -1.482181906700134277e+00 1.927391433715820312e+01 1.769973337650299072e-01 -5.570802688598632812e+00 -9.617435336112976074e-01 -6.491592884063720703e+00 2.053158760070800781e+00 -7.860452532768249512e-01 -4.363820552825927734e+00
-6.805142879486083984e+00 6.366770267486572266e-01 2.939998149871826172e+00 2.062506103515625000e+01 -1.038956260681152344e+01 4.300044536590576172e+00 -1.121846580505371094e+01 -1.363573431968688965e+00 7.456924438476562500e+00 -1.679268240928649902e+00
1.902026772499084473e+00 -1.538976907730102539e+00 3.988888561725616455e-01 -5.718362808227539062e+00 4.920937538146972656e+00 1.105710506439208984e+00 1.613088417053222656e+01 -5.847886085510253906e+00 -4.550829410552978516e+00 -8.987843513488769531e+00
-5.727084636688232422e+00 8.344572067260742188e+00 1.863235473632812500e+01 3.108193635940551758e+00 -5.917938351631164551e-01 -3.923867940902709961e+00 -6.810315132141113281e+00 -2.030491679906845093e-01 6.213127970695495605e-01 -1.260316371917724609e+01
-5.083299636840820312e+00 7.866677761077880859e+00 1.316445922851562500e+01 3.941105127334594727e+00 -9.448323249816894531e-01 -3.135004043579101562e+00 -6.531857967376708984e+00 6.111645102500915527e-01 8.279827833175659180e-01 -1.216811466217041016e+01
-3.424788475036621094e+00 -8.680467605590820312e+00 -1.351367187500000000e+01 1.834357738494873047e+00 -4.398197650909423828e+00 1.990301513671875000e+01 -2.735512495040893555e+00 -5.482035160064697266e+00 5.409037113189697266e+00 9.381384849548339844e+00
-7.247450351715087891e+00 -1.607204818725585938e+01 -1.315390205383300781e+01 6.118936061859130859e+00 -1.136895370483398438e+01 2.940816497802734375e+01 9.790244102478027344e-01 -2.921288013458251953e+00 5.379639148712158203e+00 8.808778762817382812e+00
-1.186331081390380859e+01 9.590067267417907715e-01 -6.759820938110351562e+00 -8.232050895690917969e+00 1.548921585083007812e+01 -1.283791780471801758e+00 3.594120979309082031e+00 -3.756926059722900391e+00 7.378473758697509766e+00 2.936644077301025391e+00
-3.504632711410522461e+00 1.474304866790771484e+01 -8.519650101661682129e-01 -9.263440132141113281e+00 1.985914587974548340e+00 -3.953908205032348633e+00 -1.639436125755310059e+00 4.726390540599822998e-01 1.755588412284851074e+00 -1.430606961250305176e+00
-1.187211513519287109e+01 -4.918486595153808594e+00 -9.036718368530273438e+00 5.029006958007812500e+00 5.779833793640136719e+00 2.336832284927368164e+00 -1.399109077453613281e+01 4.215458393096923828e+00 5.661929130554199219e+00 1.955279541015625000e+01
4.790392875671386719e+00 -9.858932495117187500e+00 -2.793606519699096680e+00 -4.457681179046630859e+00 1.845029592514038086e+00 2.584248542785644531e+00 1.644841575622558594e+01 -8.393059730529785156e+00 -1.685101687908172607e-01 -1.837691664695739746e+00
1.594419193267822266e+01 -7.124931812286376953e+00 4.828273296356201172e+00 -5.831501960754394531e+00 -3.919109404087066650e-01 -7.043209075927734375e+00 -4.037553787231445312e+00 -4.180129528045654297e+00 3.591451644897460938e-01 3.667164087295532227e+00
-7.430928707122802734e+00 -7.188248038291931152e-01 -9.030994772911071777e-01 6.345391273498535156e+00 -6.203752383589744568e-02 -2.245578289031982422e+00 -9.119911193847656250e+00 1.343553066253662109e+00 1.004830169677734375e+01 6.299850940704345703e+00
1.629927456378936768e-01 -5.464304924011230469e+00 5.387086272239685059e-01 -2.296917915344238281e+00 -4.636549472808837891e+00 2.866107940673828125e+00 -1.104625320434570312e+01 1.746613311767578125e+01 -4.006271839141845703e+00 5.809459209442138672e+00
-5.531442165374755859e+00 -9.015926361083984375e+00 -8.977374076843261719e+00 4.815017223358154297e+00 -3.177741050720214844e+00 1.688699340820312500e+01 9.807762503623962402e-01 -4.443615913391113281e+00 5.747896671295166016e+00 5.637311935424804688e+00
-2.592743635177612305e-01 -3.136329412460327148e+00 1.839051437377929688e+01 5.413735866546630859e+00 -8.503179550170898438e+00 3.827297687530517578e-02 -5.250008583068847656e+00 1.329992771148681641e+00 4.224970340728759766e+00 -9.656401634216308594e+00
1.451625728607177734e+01 -5.251451492309570312e+00 4.390213966369628906e+00 -8.721214294433593750e+00 -1.890870213508605957e+00 -2.861508369445800781e+00 1.308742910623550415e-01 -1.375981330871582031e+00 -5.619823455810546875e+00 4.472460269927978516e+00
-2.771222352981567383e+00 1.266172885894775391e+01 5.462171435356140137e-01 -9.370178222656250000e+00 1.185322523117065430e+00 -4.346339702606201172e+00 -1.374411106109619141e+00 9.279136657714843750e-01 2.679901361465454102e+00 -1.387447834014892578e+00
-8.368122577667236328e-01 -6.360237121582031250e+00 -5.559229850769042969e+00 -3.429430723190307617e+00 1.052363157272338867e+00 8.532370567321777344e+00 1.842020225524902344e+01 -1.120084095001220703e+01 5.675831794738769531e+00 -5.070453166961669922e+00
-7.730238437652587891e+00 -2.635837793350219727e+00 -4.356978893280029297e+00 2.089658927917480469e+01 -6.592694282531738281e+00 5.197699546813964844e+00 -1.104991817474365234e+01 -7.599729299545288086e-02 6.242608547210693359e+00 3.620971202850341797e+00
1.983157396316528320e+00 -6.617763042449951172e+00 9.540845155715942383e-01 -5.213188171386718750e+00 5.324548244476318359e+00 3.336690902709960938e+00 2.045395278930664062e+01 -9.951664924621582031e+00 -4.085598468780517578e+00 -1.037236976623535156e+01
-7.722773551940917969e+00 -5.382350444793701172e+00 -7.483009815216064453e+00 6.288399696350097656e+00 4.029910087585449219e+00 -1.297564506530761719e+00 -1.082954788208007812e+01 4.594003677368164062e+00 2.324530601501464844e+00 1.886745071411132812e+01
-8.881054878234863281e+00 4.165321588516235352e-01 2.203412055969238281e-01 2.224650573730468750e+01 -1.056441211700439453e+01 6.200016975402832031e+00 -1.408794879913330078e+01 5.216807365417480469e+00 1.023421096801757812e+01 -7.010098934173583984e+00
4.815243244171142578e+00 -5.265123367309570312e+00 -1.186453104019165039e+00 -4.655310630798339844e+00 3.254768848419189453e+00 1.525084733963012695e+00 1.741881752014160156e+01 -8.485816955566406250e+00 -3.641444683074951172e+00 -7.437523365020751953e+00
-9.152518272399902344e+00 -6.785289764404296875e+00 -3.461946249008178711e+00 2.300347328186035156e+00 2.272572040557861328e+00 1.521118164062500000e+00 -9.062228202819824219e+00 5.672172546386718750e+00 3.456259012222290039e+00 1.665630912780761719e+01
-4.138432502746582031e+00 1.419069576263427734e+01 -4.669216156005859375e+00 -1.014917564392089844e+01 3.304303884506225586e+00 -3.601155519485473633e+00 -5.823031902313232422e+00 2.098068714141845703e+00 4.162182807922363281e+00 8.589054942131042480e-01
-7.186254501342773438e+00 -8.514274597167968750e+00 5.195706367492675781e+00 5.621962547302246094e+00 -7.194667816162109375e+00 1.377744197845458984e+00 -9.213525772094726562e+00 1.783228993415832520e+00 1.754841423034667969e+01 5.406793594360351562e+00
-1.066949129104614258e+00 -8.717777252197265625e+00 -4.335250377655029297e+00 -3.294226169586181641e+00 4.104341030120849609e+00 6.494491577148437500e+00 1.868614196777343750e+01 -8.154483795166015625e+00 -1.248355150222778320e+00 -4.388392925262451172e+00
-3.999431848526000977e+00 1.433666133880615234e+01 1.573128342628479004e+00 -7.046768665313720703e+00 5.389784574508666992e-01 -3.744328975677490234e+00 -3.672574996948242188e+00 2.833579540252685547e+00 6.320188045501708984e-01 -2.323040723800659180e+00
-8.480086922645568848e-01 -4.789774417877197266e+00 -7.658052444458007812e-01 -4.266541481018066406e+00 1.388068795204162598e+00 4.285006523132324219e+00 2.131928253173828125e+01 -2.488623380661010742e+00 -2.447732925415039062e+00 -1.256777858734130859e+01
4.186830520629882812e+00 -8.470088958740234375e+00 -2.886819362640380859e+00 -4.353483200073242188e+00 1.550383806228637695e+00 1.616485357284545898e+00 1.190132331848144531e+01 -5.277414321899414062e+00 1.506453990936279297e+00 -3.572366476058959961e+00
1.919727516174316406e+01 -8.519132614135742188e+00 4.635640144348144531e+00 -1.087252426147460938e+01 -9.270585060119628906e+00 -7.153637707233428955e-02 2.245790481567382812e+00 1.259824752807617188e+00 -5.895911216735839844e+00 1.244548797607421875e+00
-3.095228433609008789e+00 -6.891199111938476562e+00 -5.981347560882568359e+00 -6.448075175285339355e-01 -6.409584999084472656e+00 1.372288799285888672e+01 -1.351090222597122192e-01 -7.576703429222106934e-01 7.194428443908691406e+00 2.551769256591796875e+00
2.381152957677841187e-01 -6.205475330352783203e+00 -2.727100253105163574e-01 -3.876498699188232422e+00 7.919217944145202637e-01 5.742547512054443359e+00 1.797034072875976562e+01 -5.290935516357421875e+00 -1.612027764320373535e+00 -7.215131759643554688e+00
-1.138951015472412109e+01 -6.484286189079284668e-01 -5.180792331695556641e+00 2.322971343994140625e+01 -7.332129001617431641e+00 8.405317306518554688e+00 -7.676752090454101562e+00 -6.515382766723632812e+00 8.885108947753906250e+00 -1.243048191070556641e+00
-1.916697263717651367e+00 3.935312509536743164e+00 7.728605866432189941e-01 3.920754417777061462e-02 -3.576078891754150391e+00 -2.443576097488403320e+00 -1.577136611938476562e+01 1.475482845306396484e+01 9.383298158645629883e-01 2.134051561355590820e+00
1.422333145141601562e+01 -7.980515480041503906e+00 -1.313114523887634277e+00 -9.282378196716308594e+00 -8.999126434326171875e+00 5.339146614074707031e+00 7.709557533264160156e+00 -1.917750954627990723e+00 -1.666019558906555176e+00 -1.563157916069030762e+00
-2.314978599548339844e+00 -1.991265892982482910e+00 -1.582270026206970215e+00 -8.022392988204956055e-01 5.227699279785156250e-01 5.351747035980224609e+00 1.226462745666503906e+01 -8.890476226806640625e+00 4.978833198547363281e+00 -8.219830513000488281e+00
-7.042319774627685547e+00 -1.121256065368652344e+01 -1.037679672241210938e+01 7.082520961761474609e+00 -8.439077377319335938e+00 2.383955574035644531e+01 2.075805142521858215e-02 -2.976878881454467773e+00 4.281229496002197266e+00 4.866243839263916016e+00
-4.175364971160888672e+00 -4.492481231689453125e+00 -4.078623771667480469e+00 1.504326725006103516e+01 -7.413300991058349609e+00 1.129794216156005859e+01 -9.197669029235839844e+00 -8.764620780944824219e+00 3.566398620605468750e+00 6.964673995971679688e+00
-2.446004152297973633e+00 5.042386531829833984e+00 -4.311974048614501953e+00 -5.071979522705078125e+00 1.239993953704833984e+01 -6.026562213897705078e+00 -3.366066694259643555e+00 2.674970149993896484e+00 -4.629026949405670166e-01 2.014918327331542969e-01
-4.247279167175292969e+00 1.382972717285156250e+01 -6.955806612968444824e-01 -6.352696418762207031e+00 2.343680143356323242e+00 -5.604278087615966797e+00 -5.295152187347412109e+00 2.169303894042968750e+00 1.682603001594543457e+00 1.396600961685180664e+00
9.334261417388916016e-01 2.455086231231689453e+00 1.858133697509765625e+01 7.386837959289550781e+00 -1.543437385559082031e+01 -2.650664567947387695e+00 -8.178626060485839844e+00 1.402487993240356445e+00 6.065512657165527344e+00 -8.148872375488281250e+00
-8.342485427856445312e+00 -6.464170932769775391e+00 -6.651330471038818359e+00 2.128520011901855469e+01 -3.672675609588623047e+00 8.180801391601562500e+00 -8.204003334045410156e+00 -3.852360844612121582e-01 5.971823692321777344e+00 -3.446660637855529785e-01
-1.473399519920349121e+00 -8.609193801879882812e+00 7.943884849548339844e+00 4.382005214691162109e+00 -7.960444927215576172e+00 -1.214069843292236328e+00 3.462432324886322021e-01 -7.377276420593261719e+00 1.604964447021484375e+01 -8.335381746292114258e-02
1.263844013214111328e+00 -1.093071079254150391e+01 -2.798366069793701172e+00 -2.751529216766357422e-01 -3.299721717834472656e+00 8.122282981872558594e+00 1.921712112426757812e+01 -1.210194492340087891e+01 6.370423793792724609e+00 -7.476268291473388672e+00
-1.499375343322753906e+01 -1.495411843061447144e-01 -7.390377521514892578e+00 -9.163644790649414062e+00 2.598332786560058594e+01 -1.397789716720581055e+00 -4.767614841461181641e+00 3.618224143981933594e+00 2.944437980651855469e+00 3.179391622543334961e+00
-2.899222373962402344e+00 1.420029067993164062e+01 -2.301094055175781250e+00 -6.325340747833251953e+00 1.710635304450988770e+00 -3.092390060424804688e+00 -4.003256797790527344e+00 1.081275582313537598e+00 1.308691024780273438e+00 -1.563919782638549805e+00
-5.806452274322509766e+00 5.973693847656250000e+00 2.429105758666992188e+00 6.954398632049560547e+00 -5.777327537536621094e+00 -5.223792552947998047e+00 -2.000631523132324219e+01 1.842394828796386719e+01 1.584883213043212891e+00 5.186838150024414062e+00
-1.547021961212158203e+01 -9.584916114807128906e+00 -1.036884307861328125e+00 -2.180778503417968750e+00 2.317621612548828125e+01 -3.469580650329589844e+00 -7.051577091217041016e+00 7.243718624114990234e+00 7.853699326515197754e-01 7.067005157470703125e+00
-2.157323658466339111e-01 6.068909168243408203e+00 2.113277816772460938e+01 5.999432086944580078e+00 -1.253777790069580078e+01 -8.657539367675781250e+00 -7.637863159179687500e+00 2.013050317764282227e+00 4.726888179779052734e+00 -8.346171379089355469e+00
9.416081905364990234e-01 -2.477241516113281250e+00 -2.791215658187866211e+00 -1.753014802932739258e+00 -8.690599799156188965e-01 2.549147605895996094e+00 2.005706787109375000e+01 -6.035450935363769531e+00 1.137074470520019531e+00 -9.595709800720214844e+00
3.941976547241210938e+00 -1.216662597656250000e+01 -1.535885572433471680e+00 -7.170740365982055664e-01 -2.753820657730102539e+00 2.890626907348632812e+00 2.980791330337524414e+00 -9.253953933715820312e+00 1.054816246032714844e+01 1.084870100021362305e+00
-1.146522045135498047e+01 -1.350035786628723145e+00 -5.949159145355224609e+00 -7.376955986022949219e+00 2.281254196166992188e+01 -2.852918863296508789e+00 -2.373361587524414062e+00 3.380489110946655273e+00 7.315096855163574219e-01 1.053439021110534668e+00
-5.572011470794677734e-01 1.771578192710876465e+00 1.150058460235595703e+01 1.704974174499511719e+00 8.721821904182434082e-01 4.013876020908355713e-01 -1.257403278350830078e+01 4.211403846740722656e+00 -2.049767255783081055e+00 -2.638271808624267578e+00
3.993939876556396484e+00 -1.679400634765625000e+01 -8.964953422546386719e+00 -1.281013679504394531e+01 4.331482410430908203e+00 5.079917907714843750e+00 2.206904029846191406e+01 -7.046036720275878906e+00 2.598099946975708008e+00 -1.495471835136413574e+00
-7.287946224212646484e+00 1.066922760009765625e+01 -2.917908906936645508e+00 -5.459496021270751953e+00 6.300983428955078125e+00 9.049439430236816406e-01 5.273219108581542969e+00 -1.728918194770812988e+00 1.630311727523803711e+00 -4.585083961486816406e+00
-4.028508186340332031e+00 7.549116134643554688e+00 1.478904914855957031e+01 -3.126629114151000977e+00 -7.167392373085021973e-01 -2.575437307357788086e+00 -1.079112529754638672e+01 4.549287796020507812e+00 9.880961477756500244e-02 -5.603067398071289062e+00
-7.753896713256835938e+00 -5.844514846801757812e+00 -5.535983085632324219e+00 -9.457978248596191406e+00 2.422482490539550781e+01 -3.555970907211303711e+00 -2.317862749099731445e+00 1.347307801246643066e+00 1.965371131896972656e+00 2.883726358413696289e+00
-7.037290096282958984e+00 -7.451913952827453613e-01 1.798754572868347168e+00 2.605932712554931641e+00 -3.606106758117675781e+00 -5.794751644134521484e-01 -5.601521492004394531e+00 -4.459389686584472656e+00 1.599079608917236328e+01 1.832684516906738281e+00
1.252645778656005859e+01 -8.091291427612304688e+00 -2.028892993927001953e+00 -5.935622215270996094e+00 -6.649732112884521484e+00 2.283297777175903320e+00 7.572014927864074707e-01 4.785711169242858887e-01 3.986761718988418579e-02 2.647367238998413086e+00
-2.834395647048950195e+00 -7.331566214561462402e-01 2.608297109603881836e+00 -4.931511878967285156e-01 -1.803889036178588867e+00 -1.206531286239624023e+00 -4.869031012058258057e-01 -9.312959671020507812e+00 1.638717842102050781e+01 -1.038567662239074707e+00
-1.570214033126831055e+00 1.464897274971008301e+00 4.032920360565185547e+00 5.377646446228027344e+00 -6.479233741760253906e+00 -4.205619812011718750e+00 -1.828974533081054688e+01 1.315502357482910156e+01 5.234163284301757812e+00 3.586464166641235352e+00
-1.378595352172851562e+00 8.112972259521484375e+00 2.271182441711425781e+01 1.473654031753540039e+00 -6.082186222076416016e+00 -4.224157810211181641e+00 -8.030466079711914062e+00 -2.602759301662445068e-01 -8.398046493530273438e-01 -8.296328544616699219e+00
1.504310798645019531e+01 -7.402182579040527344e+00 -1.148748397827148438e+00 -1.067007160186767578e+01 1.064858317375183105e+00 -1.686066150665283203e+00 6.405246734619140625e+00 -5.461357116699218750e+00 -4.052388191223144531e+00 2.188663005828857422e+00
