-8.662384748458862305e-01 -5.888458251953125000e+00 -4.047201573848724365e-02 -2.623013257980346680e+00 8.987195968627929688e+00 -2.811257123947143555e+00 -1.906680583953857422e+00 2.908680438995361328e+00 -1.408724784851074219e+00 4.581424713134765625e+00
2.526893615722656250e+00 -1.302742242813110352e+00 -3.513084650039672852e+00 5.334397315979003906e+00 -6.510995388031005859e+00 4.025850296020507812e+00 -6.477716565132141113e-01 -8.134099006652832031e+00 7.653678417205810547e+00 2.505429029464721680e+00
-8.674211800098419189e-02 1.691185116767883301e+00 1.530898571014404297e+01 1.011046409606933594e+01 -1.694289207458496094e+01 -6.831749081611633301e-01 -1.045429134368896484e+01 2.665528297424316406e+00 7.889091968536376953e+00 -4.608207702636718750e+00
2.891393184661865234e+00 -5.448293685913085938e-01 9.288940429687500000e+00 1.090753746032714844e+01 -1.056700038909912109e+01 -2.129551887512207031e+00 -9.962635040283203125e+00 -2.652293205261230469e+00 4.822844028472900391e+00 4.533453583717346191e-01
-2.544192314147949219e+00 -7.350847721099853516e+00 2.107597112655639648e+00 1.329947471618652344e+00 3.775274991989135742e+00 -3.982616662979125977e+00 -8.249083518981933594e+00 4.099952697753906250e+00 3.781387805938720703e+00 1.123643970489501953e+01
-3.364575862884521484e+00 5.650779008865356445e-01 5.660971641540527344e+00 6.048124313354492188e+00 -4.422407627105712891e+00 -5.242166519165039062e+00 -7.974965095520019531e+00 1.162165546417236328e+01 6.487604975700378418e-01 2.898237407207489014e-01
-1.158206224441528320e+00 -4.093912243843078613e-02 5.354269504547119141e+00 2.592287302017211914e+00 -1.929538249969482422e+00 3.455000519752502441e-01 -3.140735924243927002e-01 -8.245418071746826172e-01 -2.421932697296142578e+00 -1.168350815773010254e+00
-6.772409915924072266e+00 -1.871222138404846191e+00 -1.818814516067504883e+00 -3.949879407882690430e-01 7.866216659545898438e+00 1.402079105377197266e+00 3.439056873321533203e-01 1.259975910186767578e+00 -2.443557977676391602e-01 1.598255395889282227e+00
5.030542373657226562e+00 -1.098642444610595703e+01 4.503585338592529297e+00 3.801069021224975586e+00 -2.533067226409912109e+00 -1.227135896682739258e+00 -4.796401500701904297e+00 -6.339465618133544922e+00 1.207869052886962891e+01 3.599806070327758789e+00
3.096624374389648438e+00 -4.600546360015869141e+00 -2.158178806304931641e+00 6.967725157737731934e-01 -1.593649983406066895e+00 1.079156160354614258e+00 -1.108414769172668457e+00 -5.417634963989257812e+00 8.754649162292480469e+00 3.907771587371826172e+00
-3.159125328063964844e+00 1.571357846260070801e+00 1.087245821952819824e+00 3.854007482528686523e+00 -3.368763923645019531e+00 -4.095892310142517090e-01 -4.860657691955566406e+00 -1.330779314041137695e+00 9.418519020080566406e+00 3.584368824958801270e-01
1.143640160560607910e+00 -3.385913133621215820e+00 1.701560497283935547e+00 -2.832436084747314453e+00 1.427224397659301758e+00 2.141000509262084961e+00 9.860299110412597656e+00 -7.351915359497070312e+00 1.540728807449340820e+00 -2.720289945602416992e+00
-7.055401206016540527e-01 -8.543585777282714844e+00 2.564247369766235352e+00 -1.486710309982299805e-01 1.955763101577758789e+00 -2.691832065582275391e+00 -3.795942783355712891e+00 -1.121670722961425781e+00 4.837914943695068359e+00 1.023188877105712891e+01
-5.951923370361328125e+00 9.025988578796386719e+00 -1.301703214645385742e+00 2.021502494812011719e+00 -6.176197528839111328e-01 -1.477315187454223633e+00 -7.536643147468566895e-01 1.153711438179016113e+00 4.211768507957458496e-01 -6.697847247123718262e-01
6.814115643501281738e-01 -3.285096168518066406e+00 1.512094497680664062e+01 8.562891960144042969e+00 -9.153062820434570312e+00 -6.057704448699951172e+00 -9.032947540283203125e+00 5.344817161560058594e+00 4.712041854858398438e+00 -2.835269451141357422e+00
-1.397458910942077637e+00 -8.478859901428222656e+00 8.863834291696548462e-02 7.889915108680725098e-01 3.100319862365722656e+00 -3.179789304733276367e+00 -6.010602474212646484e+00 3.455107927322387695e+00 2.102159738540649414e+00 1.261733150482177734e+01
-4.001011848449707031e+00 2.048044919967651367e+00 -8.657666444778442383e-01 -1.629014372825622559e+00 6.880831241607666016e+00 -2.456636428833007812e+00 6.003810167312622070e-01 1.625466704368591309e+00 -3.323713064193725586e+00 2.372182607650756836e+00
-1.684270977973937988e+00 2.719833850860595703e+00 1.999430060386657715e+00 3.511811494827270508e+00 -5.683208942413330078e+00 8.864524960517883301e-02 -5.698033809661865234e+00 7.087191939353942871e-01 7.131984233856201172e+00 5.421247482299804688e-01
-5.453945159912109375e+00 4.296750068664550781e+00 9.349869728088378906e+00 3.120504617691040039e+00 -3.384310722351074219e+00 -4.130705356597900391e+00 -2.874624490737915039e+00 1.644958138465881348e+00 2.395467519760131836e+00 -1.513818502426147461e+00
-3.118744850158691406e+00 2.425266206264495850e-01 1.268395900726318359e+01 6.492542743682861328e+00 -4.787116527557373047e+00 -9.784589409828186035e-01 -4.569240570068359375e+00 1.693051457405090332e-01 3.883976459503173828e+00 -8.306804656982421875e+00
-1.018146276473999023e+00 -1.610598087310791016e+00 1.904249072074890137e+00 -4.067742347717285156e+00 2.169494867324829102e+00 4.571788907051086426e-01 1.208654117584228516e+01 -4.545215606689453125e+00 -7.174541950225830078e-01 -2.962897062301635742e+00
-3.022373467683792114e-02 -1.242352962493896484e+01 3.534972429275512695e+00 1.344628572463989258e+00 -1.665572047233581543e+00 -3.400694727897644043e-01 -3.343496799468994141e+00 -2.790485382080078125e+00 1.459480667114257812e+01 5.924914836883544922e+00
-4.807929039001464844e+00 1.064216375350952148e+00 -6.179103255271911621e-01 1.261882877349853516e+01 -5.362721920013427734e+00 3.750431299209594727e+00 -6.079927921295166016e+00 -1.244280338287353516e+00 5.822691917419433594e-01 1.075960159301757812e+00
-4.300731182098388672e+00 -2.077146530151367188e+00 1.324061155319213867e+00 1.579317092895507812e+01 -5.863193035125732422e+00 2.571084499359130859e+00 -1.425629329681396484e+01 -3.317356348037719727e+00 7.329911708831787109e+00 4.437768459320068359e+00
-4.901347637176513672e+00 -5.036925077438354492e-01 5.868680953979492188e+00 2.271512413024902344e+01 -1.146461105346679688e+01 1.247564077377319336e+00 -1.833184432983398438e+01 3.510230064392089844e+00 3.735393285751342773e+00 1.449545979499816895e+00
-3.122731208801269531e+00 -4.083457946777343750e+00 -9.049227237701416016e-01 4.113512039184570312e+00 -4.458373069763183594e+00 9.860885620117187500e+00 -1.057448291778564453e+01 2.567333698272705078e+00 3.151030302047729492e+00 4.685019969940185547e+00
3.741030693054199219e+00 -2.396084308624267578e+00 1.198875236511230469e+01 9.042084693908691406e+00 -8.576035499572753906e+00 -8.956883430480957031e+00 -1.519778823852539062e+01 1.333774566650390625e+01 1.828258991241455078e+00 7.195427417755126953e-01
6.875470638275146484e+00 -3.640263795852661133e+00 -6.641011238098144531e-01 6.652072668075561523e-01 -3.597485780715942383e+00 1.368097513914108276e-01 1.282048583030700684e+00 -8.740242123603820801e-01 -5.525671690702438354e-02 8.352919816970825195e-01
6.109614670276641846e-02 -3.861827552318572998e-01 1.218821430206298828e+01 7.406944274902343750e+00 -1.084331703186035156e+01 -3.935433149337768555e+00 -1.040253639221191406e+01 4.502031326293945312e+00 7.625540256500244141e+00 -1.550240755081176758e+00
1.054106712341308594e+01 -5.327770233154296875e+00 2.733364820480346680e+00 -1.951857209205627441e+00 -6.268283843994140625e+00 2.273710727691650391e+00 1.043343663215637207e+00 4.036798775196075439e-01 -1.288044214248657227e+00 -3.284813761711120605e-01
3.122787952423095703e+00 -4.327759742736816406e+00 -5.212703943252563477e-01 8.252058625221252441e-01 -3.237837314605712891e+00 2.962976932525634766e+00 -7.042977809906005859e+00 9.787756919860839844e+00 -3.487894535064697266e+00 2.879973888397216797e+00
-6.687023162841796875e+00 1.002882957458496094e+01 -8.006390929222106934e-01 1.692957162857055664e+00 -1.205429434776306152e+00 -1.407014369964599609e+00 -2.251818478107452393e-01 4.021908342838287354e-01 2.106068134307861328e+00 -1.667287707328796387e+00
-4.263144016265869141e+00 3.632462263107299805e+00 1.048964309692382812e+01 1.275594615936279297e+01 -9.519051551818847656e+00 -6.084858775138854980e-01 -5.686576843261718750e+00 -8.615294694900512695e-01 2.917432308197021484e+00 -6.864622592926025391e+00
-4.588346004486083984e+00 4.984293937683105469e+00 -1.183862518519163132e-02 3.677012920379638672e+00 -3.463998556137084961e+00 7.002505064010620117e-01 -4.717460155487060547e+00 4.066298007965087891e+00 8.032057881355285645e-01 9.086624979972839355e-01
-2.662956714630126953e+00 4.577769756317138672e+00 1.259820556640625000e+01 6.289795875549316406e+00 -7.559378623962402344e+00 -2.102764129638671875e+00 1.272971183061599731e-01 7.830161452293395996e-01 1.332570552825927734e+00 -1.171535587310791016e+01
-1.644531011581420898e+00 1.943974256515502930e+00 -1.477942466735839844e+00 3.528913974761962891e+00 -4.256100654602050781e+00 2.044780015945434570e+00 -7.601750373840332031e+00 6.636520624160766602e-01 9.474774360656738281e+00 8.618690967559814453e-01
-1.340207576751708984e+00 4.525367259979248047e+00 1.504755878448486328e+01 7.038371562957763672e+00 -1.077130603790283203e+01 -3.620780944824218750e+00 -3.608752965927124023e+00 -3.265140950679779053e-01 4.236405372619628906e+00 -8.319108009338378906e+00
-4.461958408355712891e+00 9.626059532165527344e+00 1.448638319969177246e+00 3.092186450958251953e-01 -8.221112489700317383e-01 -3.936098814010620117e+00 -1.465185642242431641e+00 2.165397882461547852e+00 2.455753326416015625e+00 -2.618957996368408203e+00
-4.449238300323486328e+00 2.362475872039794922e+00 7.447146177291870117e-01 -1.708270430564880371e+00 1.457419991493225098e+00 4.693442881107330322e-01 -6.949319243431091309e-01 -7.557467818260192871e-01 4.819518089294433594e+00 -9.767901152372360229e-02
-7.663078784942626953e+00 7.162287235260009766e+00 -4.135624170303344727e-01 3.290606975555419922e+00 -3.607472479343414307e-01 -1.535279750823974609e+00 -5.210965633392333984e+00 3.112491846084594727e+00 1.858719348907470703e+00 2.170672178268432617e+00
3.113516330718994141e+00 -7.289913654327392578e+00 -5.254386663436889648e-01 2.141968965530395508e+00 1.860138654708862305e+00 6.231422424316406250e-01 -9.570327758789062500e+00 1.045366287231445312e+01 -2.869859933853149414e+00 3.298179626464843750e+00
-4.514027595520019531e+00 1.109595417976379395e+00 -5.217199921607971191e-01 3.188952684402465820e+00 -1.329300522804260254e+00 -5.723013877868652344e-01 -9.415322303771972656e+00 1.036992263793945312e+01 -2.673802137374877930e+00 7.234772682189941406e+00
2.479795932769775391e+00 -6.779823303222656250e+00 1.616711235046386719e+01 1.484031677246093750e+00 3.674698829650878906e+00 -4.653442382812500000e+00 4.867275714874267578e+00 -5.405457973480224609e+00 -2.532473564147949219e+00 -8.513119697570800781e+00
-1.100769400596618652e+00 -6.893991947174072266e+00 -5.274974346160888672e+00 6.075136065483093262e-01 -9.860773086547851562e-01 9.967697143554687500e+00 -1.376207590103149414e+00 -4.296237468719482422e+00 4.513703346252441406e+00 5.348977088928222656e+00
-2.507162094116210938e-01 1.324605822563171387e+00 -5.526639148592948914e-02 -8.513657450675964355e-01 -1.713523626327514648e+00 1.200434446334838867e+00 -5.650129318237304688e-01 -2.530396938323974609e+00 8.842429161071777344e+00 -2.503177404403686523e+00
1.402117252349853516e+00 -4.496130466461181641e+00 6.009463667869567871e-01 -4.823822498321533203e+00 6.533577442169189453e-01 4.232069492340087891e+00 1.126190757751464844e+01 -8.846745491027832031e+00 1.986760616302490234e+00 -1.203860521316528320e+00
-1.989567160606384277e+00 -9.694477319717407227e-01 2.041270017623901367e+00 2.320737838745117188e+00 -2.117492198944091797e+00 -2.629317760467529297e+00 -1.094003582000732422e+01 1.302180671691894531e+01 -4.879823029041290283e-01 5.999965667724609375e+00
-5.999698162078857422e+00 -4.030206680297851562e+00 -2.548948049545288086e+00 -1.864262819290161133e+00 9.227141380310058594e+00 3.966370224952697754e-01 1.095594525337219238e+00 5.462964177131652832e-01 3.866603374481201172e-01 4.034445762634277344e+00
-3.888216972351074219e+00 3.165877461433410645e-01 2.533869981765747070e+00 3.633474349975585938e+00 -1.358838438987731934e+00 -4.363060951232910156e+00 -1.058691406250000000e+01 1.235052967071533203e+01 -7.004421353340148926e-01 6.577163219451904297e+00
3.315720558166503906e+00 -1.474855303764343262e+00 -1.107046723365783691e+00 7.983142137527465820e-01 -1.429240465164184570e+00 2.034455537796020508e+00 4.199422359466552734e+00 -2.602032184600830078e+00 -2.189218282699584961e+00 -1.462746381759643555e+00
-3.042091369628906250e+00 -4.429093837738037109e+00 -1.312980055809020996e+00 3.791943550109863281e+00 7.595791816711425781e-01 -2.283016741275787354e-01 -1.466183757781982422e+01 1.448239326477050781e+01 1.065242052078247070e+00 7.391295433044433594e+00
9.774543762207031250e+00 -3.844290256500244141e+00 2.942099809646606445e+00 -3.100851774215698242e+00 -3.050577402114868164e+00 -9.775961041450500488e-01 5.170825481414794922e+00 -2.054813385009765625e+00 -2.522345304489135742e+00 -1.090733885765075684e+00
4.498779773712158203e-03 -3.551353931427001953e+00 -2.792277097702026367e+00 1.246277713775634766e+01 -4.978185653686523438e+00 3.977975130081176758e+00 -1.438513565063476562e+01 -1.180084705352783203e+00 3.181998968124389648e+00 7.975284099578857422e+00
-1.113185405731201172e+00 -2.257415771484375000e+00 2.959289073944091797e+00 -4.360069274902343750e+00 1.837858319282531738e+00 1.157781004905700684e+00 1.444212245941162109e+01 -7.836841583251953125e+00 1.351518630981445312e+00 -4.515890121459960938e+00
-3.813620567321777344e+00 7.222926139831542969e+00 1.015836334228515625e+01 5.912615776062011719e+00 -9.155002593994140625e+00 -3.485934257507324219e+00 -5.716426849365234375e+00 3.608983516693115234e+00 2.651281118392944336e+00 -4.048537254333496094e+00
-4.196351051330566406e+00 2.188787698745727539e+00 -2.594512701034545898e-01 -1.676661372184753418e-01 -1.784097909927368164e+00 2.462836980819702148e+00 1.703285694122314453e+00 -6.503105640411376953e+00 8.138134002685546875e+00 7.859321236610412598e-01
2.860122203826904297e+00 -9.115816116333007812e+00 -2.304604530334472656e+00 -6.439522504806518555e-01 9.001463651657104492e-01 2.449084758758544922e+00 -6.027219772338867188e+00 1.136659431457519531e+01 -1.776945352554321289e+00 4.145934104919433594e+00
-2.125378131866455078e+00 -5.993730545043945312e+00 2.085701704025268555e+00 -7.767221331596374512e-01 5.012681484222412109e+00 -4.971462726593017578e+00 -4.411425888538360596e-01 -1.137352809309959412e-01 7.749386429786682129e-01 9.404885292053222656e+00
-1.163846969604492188e+00 1.467923641204833984e+00 1.606001853942871094e+01 6.609388828277587891e+00 -1.250676250457763672e+01 -1.543051958084106445e+00 -8.515830993652343750e+00 7.103414535522460938e+00 1.415542840957641602e+00 -4.517730236053466797e+00
-1.038617372512817383e+00 -6.569901943206787109e+00 1.397118687629699707e+00 -4.319786071777343750e+00 9.511965751647949219e+00 -2.751014709472656250e+00 -7.562538981437683105e-01 3.053042888641357422e+00 -1.337261199951171875e+00 4.059846401214599609e+00
3.167718410491943359e+00 -5.294427394866943359e+00 -4.603703975677490234e+00 2.723866105079650879e-01 -5.099868774414062500e+00 1.559823703765869141e+01 -7.841950893402099609e+00 -1.270676612854003906e+00 5.455379009246826172e+00 6.198571324348449707e-01
-1.136368751525878906e+00 -3.566481113433837891e+00 -3.157815933227539062e+00 6.436215400695800781e+00 -7.342338562011718750e+00 1.302464199066162109e+01 -6.375107288360595703e+00 -5.289867877960205078e+00 1.577290058135986328e+00 5.574882507324218750e+00
1.052042579650878906e+01 -5.765031814575195312e+00 2.169774293899536133e+00 9.725952148437500000e-01 -4.347571849822998047e+00 -2.257946252822875977e+00 4.726015567779541016e+00 -4.319467544555664062e+00 -9.090768694877624512e-01 8.880141973495483398e-01
1.161187648773193359e+01 -5.792176723480224609e+00 3.346159934997558594e+00 -4.527204036712646484e-01 -8.309542655944824219e+00 3.193000078201293945e+00 -3.042444944381713867e+00 3.354047298431396484e+00 -3.093278646469116211e+00 8.972977995872497559e-01
1.829342544078826904e-01 -2.694461107254028320e+00 1.204141330718994141e+01 4.395996093750000000e+00 -4.183889389038085938e+00 -3.986988782882690430e+00 1.005435347557067871e+00 -2.886392176151275635e-01 1.438470363616943359e+00 -6.032481670379638672e+00
-3.839056015014648438e+00 -6.221079349517822266e+00 -3.080202817916870117e+00 1.805376648902893066e+00 4.941838264465332031e+00 -2.783395290374755859e+00 -5.670605182647705078e+00 2.960532426834106445e+00 2.867556571960449219e+00 1.229286670684814453e+01
-5.211909770965576172e+00 1.005996894836425781e+01 -1.133901000022888184e+00 1.484230756759643555e+00 -6.358706355094909668e-01 -4.117946147918701172e+00 -2.564803361892700195e-01 9.070374369621276855e-01 3.007008790969848633e+00 -1.056143283843994141e+00
-1.896343588829040527e+00 2.269488334655761719e+00 8.591818809509277344e+00 1.204009890556335449e+00 -9.705277085304260254e-01 -1.646657228469848633e+00 2.730535268783569336e+00 -1.217989563941955566e+00 -1.456391572952270508e+00 -6.913683414459228516e+00
-5.309811115264892578e+00 9.862392425537109375e+00 1.124561548233032227e+00 -5.450916290283203125e-01 -6.086850166320800781e-01 -4.371770858764648438e+00 1.150659441947937012e+00 2.004901409149169922e+00 2.330436944961547852e+00 -2.555336475372314453e+00
2.910884857177734375e+00 -6.339112281799316406e+00 7.295326590538024902e-01 -5.445435523986816406e+00 4.420540332794189453e+00 -3.046870231628417969e-03 1.037010288238525391e+01 -2.175373077392578125e+00 -1.554662942886352539e+00 -2.003486156463623047e+00
4.643288850784301758e-01 -3.330437183380126953e+00 1.645517826080322266e+00 -3.133223533630371094e+00 6.553348064422607422e+00 -6.514391303062438965e-01 2.972547531127929688e+00 -7.122587561607360840e-01 -1.368129730224609375e+00 -2.045255184173583984e+00
-3.866035938262939453e+00 -1.693032741546630859e+00 -2.653328418731689453e+00 -2.335139513015747070e+00 1.022413921356201172e+01 -2.047888517379760742e+00 2.232629954814910889e-01 7.902389168739318848e-01 -1.044407933950424194e-01 3.022205829620361328e+00
3.582807540893554688e+00 -6.294361114501953125e+00 3.224496603012084961e+00 -2.751507520675659180e+00 1.495116829872131348e+00 -8.211922645568847656e-02 1.170657730102539062e+01 -7.856894493103027344e+00 1.727856636047363281e+00 -3.511218786239624023e+00
-8.368475914001464844e+00 1.153747558593750000e+01 -8.125389814376831055e-01 2.488640069961547852e+00 -6.778627038002014160e-01 -4.154042720794677734e+00 -5.658164620399475098e-01 1.197450876235961914e+00 2.371379375457763672e+00 6.283318996429443359e-02
-6.487698554992675781e-01 -1.951638817787170410e+00 6.727467060089111328e+00 6.105098724365234375e+00 -3.778661966323852539e+00 -4.075963497161865234e+00 -1.458891201019287109e+01 1.581221008300781250e+01 -1.026774942874908447e-01 7.950607538223266602e-01
-1.584960460662841797e+00 -3.949535846710205078e+00 -7.400592565536499023e-01 -2.853095769882202148e+00 9.519151687622070312e+00 -7.163968086242675781e-01 1.267490863800048828e+00 -8.381543159484863281e-01 2.315765917301177979e-01 3.345415294170379639e-01
-2.238309383392333984e+00 5.405467510223388672e+00 1.501746654510498047e+01 6.701060771942138672e+00 -1.023750972747802734e+01 -2.792869567871093750e+00 -9.868328571319580078e-01 -3.249656915664672852e+00 4.383764743804931641e+00 -9.862689018249511719e+00
-2.380300998687744141e+00 3.256041288375854492e+00 2.285281866788864136e-01 1.438683986663818359e+01 -8.186348915100097656e+00 4.223749637603759766e+00 -7.338135242462158203e+00 -3.545490980148315430e+00 -1.962218999862670898e+00 8.509261608123779297e-01
-5.378628969192504883e-01 -7.041674137115478516e+00 -1.262379288673400879e+00 -1.276117920875549316e+00 2.709224939346313477e+00 2.427937090396881104e-01 -1.279351592063903809e+00 2.616411447525024414e+00 -2.045385539531707764e-01 7.250553607940673828e+00
1.500293612480163574e+00 1.461387395858764648e+00 -3.834775924682617188e+00 2.347407817840576172e+00 -5.512589931488037109e+00 4.236340045928955078e+00 -4.195466041564941406e+00 -4.150310039520263672e+00 1.156579971313476562e+01 8.122216165065765381e-02
-2.689669609069824219e+00 -1.596857309341430664e+00 -5.258196830749511719e+00 5.541833877563476562e+00 3.143102169036865234e+00 -7.781786322593688965e-01 -7.882480144500732422e+00 3.979150295257568359e+00 -1.322545289993286133e+00 9.300064086914062500e+00
-3.872768402099609375e+00 2.265633106231689453e+00 6.854856967926025391e+00 4.266696453094482422e+00 -1.273571610450744629e+00 -4.252490520477294922e+00 -3.735212564468383789e+00 3.675518751144409180e+00 2.171457111835479736e-01 -1.686698913574218750e+00
-3.387773633003234863e-01 -1.016014003753662109e+01 -1.331569075584411621e+00 -5.452757358551025391e+00 1.097317028045654297e+01 -1.531242132186889648e+00 4.002411663532257080e-01 3.645038604736328125e+00 -4.907785356044769287e-01 4.860781192779541016e+00
-1.660069346427917480e+00 -2.053776264190673828e+00 -8.833628296852111816e-01 -3.935342788696289062e+00 7.120591402053833008e-01 5.567470550537109375e+00 1.111706829071044922e+01 -9.115119934082031250e+00 4.062793731689453125e+00 -3.145023584365844727e+00
-3.518939018249511719e-01 -3.535990476608276367e+00 1.138452339172363281e+01 2.694979429244995117e+00 3.308798313140869141e+00 -3.576679468154907227e+00 1.045733094215393066e+00 2.228780686855316162e-01 -3.141062259674072266e+00 -7.645884990692138672e+00
-2.920778751373291016e+00 9.022161960601806641e-01 2.102413654327392578e+00 1.375845909118652344e+01 -7.516460418701171875e+00 2.884615659713745117e+00 -1.100092601776123047e+01 -4.210298538208007812e+00 5.913380622863769531e+00 1.722755074501037598e+00
2.402776718139648438e+00 -2.512076854705810547e+00 -4.756111145019531250e+00 7.577998161315917969e+00 -1.014527320861816406e+01 1.412428379058837891e+01 -4.980542659759521484e+00 -6.102501869201660156e+00 -3.384161293506622314e-01 4.362908363342285156e+00
-1.140337467193603516e+00 2.615023553371429443e-01 -2.132959365844726562e+00 4.789762973785400391e+00 -4.887353420257568359e+00 9.548055648803710938e+00 1.464992165565490723e+00 -6.411921977996826172e+00 2.918950319290161133e-01 -2.364139556884765625e+00
-1.330811828374862671e-01 -6.016425609588623047e+00 1.013360786437988281e+01 3.263319015502929688e+00 1.212797045707702637e+00 -6.257538318634033203e+00 -4.344062805175781250e+00 4.828078269958496094e+00 2.549604475498199463e-01 -5.185785293579101562e-01
-2.146129608154296875e-01 -9.561245918273925781e+00 -1.197941303253173828e+00 -4.629697322845458984e+00 8.968699455261230469e+00 -1.300165951251983643e-01 9.430166482925415039e-01 1.949137210845947266e+00 2.883050143718719482e-01 4.018402099609375000e+00
-4.726834774017333984e+00 7.951345920562744141e+00 1.638880157470703125e+01 7.556560516357421875e+00 -1.095476436614990234e+01 -8.228695988655090332e-01 -3.644888877868652344e+00 1.981083154678344727e-01 1.436181068420410156e+00 -1.137775421142578125e+01
2.058283329010009766e+00 -4.820442199707031250e+00 3.492422819137573242e+00 -2.989821434020996094e+00 3.107794046401977539e+00 -9.011083245277404785e-01 1.293533992767333984e+01 -6.542083740234375000e+00 -1.369704723358154297e+00 -3.741834878921508789e+00
-3.633819580078125000e+00 -1.129085540771484375e+01 -2.810715436935424805e+00 4.805179238319396973e-01 6.362762451171875000e+00 8.033010959625244141e-01 -8.116147041320800781e+00 3.740693807601928711e+00 5.042843341827392578e+00 1.206998538970947266e+01
-6.275286674499511719e-01 -3.728960514068603516e+00 1.444166421890258789e+00 -2.847173213958740234e+00 3.895163059234619141e+00 4.168662071228027344e+00 1.229259490966796875e+01 -1.067519474029541016e+01 1.788469076156616211e+00 -4.586473464965820312e+00
-2.591902256011962891e+00 -6.085930347442626953e+00 3.026709079742431641e+00 8.844568252563476562e+00 -5.151990890502929688e+00 -4.361315369606018066e-01 -1.596053981781005859e+01 6.946582794189453125e+00 1.089311790466308594e+01 6.083726406097412109e+00
-2.711636543273925781e+00 -1.506944656372070312e+00 2.715581417083740234e+00 6.948790073394775391e+00 -5.257442474365234375e+00 9.253185987472534180e-01 -1.175491237640380859e+01 1.082030487060546875e+01 -2.430355787277221680e+00 5.076364517211914062e+00
-4.788625717163085938e+00 1.322495490312576294e-01 8.932105898857116699e-01 1.312745475769042969e+01 -5.553348541259765625e+00 1.784602642059326172e+00 -1.029418373107910156e+01 -2.502344131469726562e+00 6.036364078521728516e+00 3.025385141372680664e+00
-3.782210350036621094e+00 7.676287174224853516e+00 8.410502672195434570e-01 2.835388779640197754e-01 -1.460441827774047852e+00 -2.211538314819335938e+00 6.308206319808959961e-01 5.535764694213867188e-01 1.768111228942871094e+00 -2.424308300018310547e+00
-2.112832546234130859e+00 -2.030366659164428711e+00 7.443019151687622070e-01 1.800511717796325684e+00 1.332827925682067871e+00 -5.076975226402282715e-01 1.151294350624084473e+00 -6.797892093658447266e+00 9.239356994628906250e+00 -5.673953890800476074e-01
1.416455459594726562e+01 -8.038876533508300781e+00 6.199115276336669922e+00 -1.856119513511657715e+00 -8.608910560607910156e+00 -8.266456723213195801e-01 6.649508476257324219e-01 9.983765482902526855e-01 -1.518804550170898438e+00 1.791894435882568359e+00
-3.754595756530761719e+00 9.342184066772460938e+00 2.757695198059082031e+00 -9.143989682197570801e-01 -8.471358418464660645e-01 -3.995719671249389648e+00 1.283959865570068359e+00 7.813149690628051758e-01 2.041706085205078125e+00 -4.296168804168701172e+00
-3.120017051696777344e+00 -5.523292064666748047e+00 -4.625649929046630859e+00 1.232309490442276001e-01 8.183680534362792969e+00 2.149110794067382812e+00 -2.956696271896362305e+00 1.693134069442749023e+00 -6.145469844341278076e-02 4.522984504699707031e+00
6.747560203075408936e-02 -2.160651683807373047e+00 5.352579429745674133e-02 1.143912029266357422e+01 -7.141785144805908203e+00 5.011862754821777344e+00 -9.873796463012695312e+00 -4.585359096527099609e+00 4.342915058135986328e+00 4.183339595794677734e+00
-9.647034406661987305e-01 -6.891265869140625000e+00 -6.212854862213134766e+00 1.459327340126037598e+00 -3.690917968750000000e+00 1.604065895080566406e+01 -9.124764800071716309e-01 -6.658155918121337891e+00 2.929590702056884766e+00 4.417267322540283203e+00
-2.203395366668701172e+00 6.342475116252899170e-02 1.550814342498779297e+01 6.942844867706298828e+00 -1.499009966850280762e+00 -8.313215255737304688e+00 -3.676567077636718750e+00 -1.560816884040832520e+00 1.993118047714233398e+00 -5.128845691680908203e+00
-4.378754138946533203e+00 -8.166730880737304688e+00 -6.075047850608825684e-01 2.181224107742309570e+00 5.616001605987548828e+00 -3.983700871467590332e-01 -6.488255023956298828e+00 1.094882249832153320e+00 1.927274465560913086e+00 1.121903514862060547e+01
3.452592849731445312e+00 -1.594599604606628418e+00 1.781181335449218750e+00 1.012184524536132812e+01 -1.022914409637451172e+01 6.736086368560791016e+00 -3.005860328674316406e+00 -8.955532073974609375e+00 2.400144577026367188e+00 7.838515192270278931e-02
-2.529271602630615234e+00 2.617267131805419922e+00 9.305322647094726562e+00 4.927692890167236328e+00 -8.075740814208984375e+00 1.879303455352783203e+00 -4.140367507934570312e+00 -2.848902463912963867e+00 5.878270626068115234e+00 -4.781100749969482422e+00
-4.893999099731445312e+00 8.741780281066894531e+00 2.650874614715576172e+00 2.266983747482299805e+00 -5.819815993309020996e-01 -5.119668960571289062e+00 -3.057383537292480469e+00 2.653331279754638672e+00 2.957069873809814453e+00 -3.261797666549682617e+00
-4.442205429077148438e+00 9.375849723815917969e+00 9.924426674842834473e-01 5.358451008796691895e-01 -2.100029289722442627e-01 -4.746153831481933594e+00 -1.749421954154968262e+00 2.884249925613403320e+00 1.711093664169311523e+00 -1.885692119598388672e+00
-1.076545000076293945e+00 -2.724717855453491211e+00 5.428235054016113281e+00 -2.176135063171386719e+00 3.635984897613525391e+00 -3.733770370483398438e+00 1.476430606842041016e+01 -7.938819885253906250e+00 3.835695385932922363e-01 -5.363643169403076172e+00
1.434529590606689453e+01 -9.411923408508300781e+00 4.073601245880126953e+00 -3.954456567764282227e+00 -8.525999069213867188e+00 6.071596741676330566e-01 2.109660655260086060e-01 1.446668386459350586e+00 -2.749300897121429443e-01 4.208333492279052734e+00
7.829841136932373047e+00 -4.658226490020751953e+00 2.435229539871215820e+00 -7.813572287559509277e-01 -2.631691455841064453e+00 -1.109094619750976562e+00 -5.189468264579772949e-01 2.073426961898803711e+00 -1.610234498977661133e+00 3.327479362487792969e-01
1.144734477996826172e+01 -4.979259014129638672e+00 1.175832152366638184e+00 -1.080282211303710938e+00 -5.884706974029541016e+00 1.862095832824707031e+00 3.379036426544189453e+00 -3.238054990768432617e+00 -3.169152021408081055e+00 1.139878630638122559e+00
-2.323153495788574219e+00 -7.622715473175048828e+00 1.358394050598144531e+01 4.767999649047851562e+00 5.991859912872314453e+00 -7.830210208892822266e+00 -4.855619907379150391e+00 3.608840227127075195e+00 -2.259784460067749023e+00 -1.114523053169250488e+00
-1.528761506080627441e+00 -3.550031423568725586e+00 -6.959661245346069336e-01 -1.322695016860961914e+00 2.764429807662963867e+00 9.020540714263916016e-01 3.214378118515014648e+00 3.918791532516479492e+00 -2.621071338653564453e+00 2.927680313587188721e-01
-6.367420673370361328e+00 -3.593611240386962891e+00 -2.926727533340454102e+00 2.465065270662307739e-01 1.047303295135498047e+01 2.612609863281250000e-01 -2.624575376510620117e+00 -3.129419386386871338e-01 1.572379589080810547e+00 4.067345619201660156e+00
-3.178987503051757812e+00 -7.645512104034423828e+00 -5.162031173706054688e+00 2.816206216812133789e+00 4.091343402862548828e+00 1.006640642881393433e-01 -8.065412521362304688e+00 3.684957265853881836e+00 2.535299777984619141e+00 1.383410930633544922e+01
-3.385895729064941406e+00 -6.370830059051513672e+00 -1.759358495473861694e-01 -1.600907921791076660e+00 1.026735115051269531e+01 -6.077432036399841309e-01 -2.220375537872314453e+00 1.947015047073364258e+00 -1.457090139389038086e+00 3.796096563339233398e+00
-7.842418551445007324e-01 4.255859851837158203e+00 1.745249176025390625e+01 9.829924583435058594e+00 -1.333780193328857422e+01 -7.303749561309814453e+00 -7.707791328430175781e+00 3.459083318710327148e+00 5.264089584350585938e+00 -6.884565353393554688e+00
6.776365756988525391e+00 -6.967103481292724609e+00 1.132280349731445312e+00 -5.283493041992187500e+00 2.995589733123779297e+00 -3.760284185409545898e-01 1.110667610168457031e+01 -2.709127902984619141e+00 -4.069721698760986328e+00 -1.760296106338500977e+00
1.205980420112609863e+00 -8.439711570739746094e+00 1.246523141860961914e+00 -1.733847856521606445e+00 1.129991412162780762e+00 1.639546632766723633e+00 -6.045555591583251953e+00 -1.841568201780319214e-01 1.000919437408447266e+01 4.201709747314453125e+00
-2.856503009796142578e+00 -2.002000331878662109e+00 -4.098148941993713379e-01 -1.245754122734069824e+00 7.768152713775634766e+00 -9.848363995552062988e-01 -1.985989570617675781e+00 2.269171476364135742e+00 -3.438363313674926758e+00 3.378281354904174805e+00
-4.489970207214355469e+00 -5.921654701232910156e+00 -5.395672321319580078e+00 3.547796010971069336e+00 4.199945449829101562e+00 1.241604804992675781e+00 -1.001414203643798828e+01 6.236137866973876953e+00 7.976967096328735352e-01 1.233030700683593750e+01
-3.958203315734863281e+00 -3.447693347930908203e+00 -2.204397201538085938e+00 2.640983819961547852e+00 3.763669729232788086e-01 3.839477539062500000e+00 -4.791266441345214844e+00 -4.703751564025878906e+00 1.630216407775878906e+01 -1.504311114549636841e-01
-1.199464559555053711e+00 -3.844283103942871094e+00 1.600842118263244629e+00 3.309451818466186523e+00 -2.370007753372192383e+00 2.370388209819793701e-01 -9.962459564208984375e+00 1.348045730590820312e+01 -2.683901071548461914e+00 3.950243711471557617e+00
-3.844246387481689453e+00 -7.020057201385498047e+00 -1.695713043212890625e+00 -3.808290362358093262e-01 2.533870697021484375e+00 3.618008375167846680e+00 -3.205864191055297852e+00 -7.419869899749755859e-01 1.861703872680664062e+00 1.002919197082519531e+01
-1.918666720390319824e+00 2.926649332046508789e+00 9.907578468322753906e+00 8.617243766784667969e+00 -7.333243846893310547e+00 -1.777904987335205078e+00 -5.573575019836425781e+00 3.210670232772827148e+00 -3.596321821212768555e+00 -2.975343465805053711e+00
