-4.102664470672607422e+00 -1.247254657745361328e+01 -5.570931434631347656e+00 -7.970546245574951172e+00 1.993748664855957031e+01 -4.075630664825439453e+00 2.008095502853393555e+00 1.742466330528259277e+00 4.191913127899169922e+00 1.700746536254882812e+00
-5.512656688690185547e+00 -2.680235862731933594e+00 1.262040138244628906e+00 3.447098255157470703e+00 -4.301890850067138672e+00 -9.423189759254455566e-01 -8.214910507202148438e+00 -7.133106708526611328e+00 2.059373664855957031e+01 2.618251800537109375e+00
-7.172462463378906250e+00 -7.371168613433837891e+00 -1.003066921234130859e+01 2.011186599731445312e+00 9.274148941040039062e+00 2.103519201278686523e+00 -1.150398635864257812e+01 7.131163597106933594e+00 8.487768471240997314e-03 1.870445251464843750e+01
2.058567285537719727e+00 -1.767840957641601562e+01 -7.213922500610351562e+00 -1.074759960174560547e+00 -6.500333786010742188e+00 1.149263095855712891e+01 2.213776206970214844e+01 -8.774249076843261719e+00 6.044155120849609375e+00 -2.702460527420043945e+00
-3.392719745635986328e+00 1.333961772918701172e+01 -4.406948387622833252e-01 -7.758607864379882812e+00 2.324948549270629883e+00 -1.897859096527099609e+00 -3.166878938674926758e+00 9.670761227607727051e-01 5.066683888435363770e-01 -1.958293914794921875e+00
-2.450059652328491211e+00 -7.070583820343017578e+00 -4.297057628631591797e+00 7.753754138946533203e+00 -1.158411407470703125e+01 1.787159919738769531e+01 -5.932037353515625000e+00 -5.707038402557373047e+00 3.466343879699707031e+00 7.488850593566894531e+00
-7.870043754577636719e+00 -3.951992273330688477e+00 -5.150498390197753906e+00 -1.005297946929931641e+01 2.388349533081054688e+01 -2.124258279800415039e+00 5.769142508506774902e-01 3.686983823776245117e+00 5.871847867965698242e-01 -2.924556255340576172e+00
1.269690990447998047e+01 -8.971974372863769531e+00 -3.453301489353179932e-01 -5.876888751983642578e+00 -5.399600982666015625e+00 1.369780778884887695e+00 3.590580463409423828e+00 -7.662897109985351562e-01 3.194310367107391357e-01 -1.144336581230163574e+00
2.327353477478027344e+00 -9.427477836608886719e+00 -6.688463211059570312e+00 -5.593720436096191406e+00 -2.234238147735595703e+00 8.933003425598144531e+00 1.988414192199707031e+01 -7.447228908538818359e+00 2.261031866073608398e+00 -2.109712123870849609e+00
1.284538269042968750e+00 -1.083221244812011719e+01 -4.639596462249755859e+00 -1.057545089721679688e+01 2.770249843597412109e+00 4.416923522949218750e+00 2.262680435180664062e+01 -6.044412612915039062e+00 1.373267769813537598e+00 -5.275288581848144531e+00
2.456739902496337891e+00 -8.640881538391113281e+00 1.482678413391113281e+01 4.357521057128906250e+00 -5.597589492797851562e+00 -2.668405473232269287e-01 -8.551541328430175781e+00 1.204985499382019043e+00 6.937287807464599609e+00 -4.851402282714843750e+00
-1.409487366676330566e+00 4.518640637397766113e-01 6.240879297256469727e-01 2.108684301376342773e+00 -2.261680126190185547e+00 -2.586570262908935547e+00 -1.644181251525878906e+01 1.513948440551757812e+01 -9.875751733779907227e-01 7.647551059722900391e+00
-1.225073432922363281e+01 9.930924773216247559e-01 -5.524843215942382812e+00 3.345669269561767578e+00 7.358516693115234375e+00 -2.308717250823974609e+00 -1.411874961853027344e+01 4.210619926452636719e+00 1.841713309288024902e+00 1.768914031982421875e+01
1.370960807800292969e+01 -6.604759693145751953e+00 -2.629715204238891602e-01 -9.284474372863769531e+00 -5.829930782318115234e+00 1.752487897872924805e+00 6.933373451232910156e+00 -2.459526538848876953e+00 -1.728088736534118652e+00 -3.137866854667663574e-01
-3.187935113906860352e+00 -1.062850666046142578e+01 -5.331301689147949219e+00 -7.433767318725585938e-01 -6.701113224029541016e+00 1.859055137634277344e+01 5.202394008636474609e+00 -6.556759357452392578e+00 4.937093257904052734e+00 5.629073619842529297e+00
-3.168559789657592773e+00 1.072563290596008301e+00 1.142519474029541016e+01 8.427833557128906250e+00 -9.825263977050781250e+00 -6.139830589294433594e+00 -2.083702659606933594e+01 1.815681076049804688e+01 2.086879730224609375e+00 4.514596939086914062e+00
-3.622347116470336914e+00 1.190524196624755859e+01 -1.570546507835388184e+00 -8.394124984741210938e+00 1.747349619865417480e+00 -2.072349786758422852e+00 3.759410381317138672e+00 -2.005313396453857422e+00 3.147804260253906250e+00 -5.396893978118896484e+00
-3.383837461471557617e+00 1.410766983032226562e+01 -5.874733328819274902e-01 -7.191254615783691406e+00 5.550408959388732910e-01 -5.020186424255371094e+00 -5.479924678802490234e+00 4.229044914245605469e+00 1.025426983833312988e+00 4.656009674072265625e-01
-2.226783037185668945e+00 -3.923697710037231445e+00 -1.215633201599121094e+01 5.772508144378662109e+00 -8.911051750183105469e+00 2.159482383728027344e+01 -1.097433120012283325e-01 -6.050671577453613281e+00 3.441559553146362305e+00 5.074690818786621094e+00
1.355990052223205566e+00 1.623104691505432129e+00 2.054887390136718750e+01 1.067115497589111328e+01 -1.738686561584472656e+01 -5.467363834381103516e+00 -1.285217189788818359e+01 4.489217758178710938e+00 7.893227577209472656e+00 -6.491176128387451172e+00
-1.480372142791748047e+01 -3.304896831512451172e+00 -7.778015613555908203e+00 -6.231524944305419922e+00 2.363857650756835938e+01 -4.167874813079833984e+00 -8.098265647888183594e+00 4.078532218933105469e+00 5.007045269012451172e+00 8.823437690734863281e+00
-3.960179567337036133e+00 1.067672348022460938e+01 -5.853722095489501953e+00 -6.442299365997314453e+00 3.277022540569305420e-01 -1.653314590454101562e+00 -1.640426874160766602e+00 4.361621856689453125e+00 2.074103355407714844e+00 4.083635807037353516e-01
-3.933861970901489258e+00 3.676619291305541992e+00 8.120557785034179688e+00 8.498841285705566406e+00 -7.991497516632080078e+00 -6.368072986602783203e+00 -2.032566261291503906e+01 1.930788230895996094e+01 1.224106669425964355e+00 3.260438442230224609e+00
-7.381840229034423828e+00 1.496827125549316406e+01 1.989197492599487305e+00 -4.452157497406005859e+00 2.709936380386352539e+00 -2.299839019775390625e+00 -5.869979381561279297e+00 2.886395454406738281e+00 2.199215650558471680e+00 -2.513432502746582031e+00
-1.070103645324707031e+01 -3.160532712936401367e+00 -6.055424690246582031e+00 2.144029426574707031e+01 -4.405825614929199219e+00 9.925695419311523438e+00 -9.578571319580078125e+00 -2.982763767242431641e+00 5.637577056884765625e+00 3.893196821212768555e+00
-4.543638706207275391e+00 1.469421291351318359e+01 2.013241291046142578e+00 -5.581902980804443359e+00 9.865863919258117676e-01 -4.760081291198730469e+00 -5.255263328552246094e+00 3.165879964828491211e+00 9.055401682853698730e-01 -1.669956088066101074e+00
2.974594593048095703e+00 -2.983511924743652344e+00 -6.875403970479965210e-02 -5.678514003753662109e+00 3.958866596221923828e+00 3.393805265426635742e+00 1.319181823730468750e+01 -8.039575576782226562e+00 -1.624288320541381836e+00 -8.661514282226562500e+00
-5.099098205566406250e+00 -2.285215377807617188e+00 -7.013255357742309570e-01 1.412910175323486328e+01 -3.984850883483886719e+00 -4.905388355255126953e-01 -1.186354732513427734e+01 7.411612272262573242e-01 2.267968416213989258e+00 8.801210403442382812e+00
-8.215493202209472656e+00 2.920428752899169922e+00 -3.601924419403076172e+00 2.465581321716308594e+01 -9.786338806152343750e+00 4.047953605651855469e+00 -1.529691505432128906e+01 7.644607067108154297e+00 3.827726364135742188e+00 -2.920440912246704102e+00
-7.982520103454589844e+00 -1.119849681854248047e+01 -9.357336044311523438e+00 2.718748569488525391e+00 -6.327933311462402344e+00 2.353169822692871094e+01 4.146770000457763672e+00 -5.738344669342041016e+00 3.546017646789550781e+00 6.988497257232666016e+00
-1.794517755508422852e+00 -1.926371455192565918e+00 -1.409277081489562988e+00 -3.365489244461059570e+00 2.947800874710083008e+00 4.955287456512451172e+00 2.080111885070800781e+01 -6.150582790374755859e+00 -3.464741110801696777e-01 -1.242981338500976562e+01
-2.619048595428466797e+00 1.448202896118164062e+01 -4.227635383605957031e+00 -9.695025444030761719e+00 1.398880481719970703e+00 -2.175679445266723633e+00 -2.231748580932617188e+00 1.599749207496643066e+00 1.701923251152038574e+00 -9.180181622505187988e-01
-7.491084575653076172e+00 -2.398620128631591797e+00 -1.496490836143493652e+00 1.948925209045410156e+01 -7.083018302917480469e+00 4.884587764739990234e+00 -9.813108444213867188e+00 -5.413949012756347656e+00 6.859117984771728516e+00 5.024066448211669922e+00
5.551689267158508301e-01 5.854120850563049316e-01 -4.457203388214111328e+00 -6.214195251464843750e+00 2.868564605712890625e+00 2.887192249298095703e+00 1.509204101562500000e+01 -5.510523319244384766e+00 1.664641618728637695e+00 -6.342458724975585938e+00
-3.849762916564941406e+00 -7.130451202392578125e+00 -4.384579658508300781e+00 -2.682261765003204346e-01 1.483422470092773438e+01 -5.996690750122070312e+00 -5.033623218536376953e+00 -6.672779917716979980e-01 4.733737468719482422e+00 7.084788799285888672e+00
-1.230571269989013672e+00 -6.533852815628051758e-01 4.659928321838378906e+00 5.852742195129394531e+00 -6.548740863800048828e+00 -4.432408809661865234e+00 -1.511746883392333984e+01 1.419628906250000000e+01 1.435633748769760132e-01 7.525192737579345703e+00
-9.497323989868164062e+00 -2.913973808288574219e+00 -3.436148643493652344e+00 7.564671993255615234e+00 1.328278422355651855e+00 -2.935307979583740234e+00 -1.559314537048339844e+01 3.163877725601196289e+00 8.877932548522949219e+00 1.671150970458984375e+01
-1.042449235916137695e+00 1.192099332809448242e+00 4.171010971069335938e+00 6.156224727630615234e+00 -7.013961315155029297e+00 -6.015645027160644531e+00 -1.820757675170898438e+01 1.697994422912597656e+01 3.919686079025268555e-01 7.080041408538818359e+00
-9.229104042053222656e+00 -1.125026798248291016e+01 -8.017506599426269531e+00 2.756282329559326172e+00 6.223955154418945312e+00 2.593693733215332031e+00 -9.528222084045410156e+00 5.666008472442626953e+00 5.065260887145996094e+00 1.922364807128906250e+01
-5.606354713439941406e+00 -1.411516785621643066e+00 -9.058124542236328125e+00 1.041168451309204102e+00 6.327598094940185547e+00 2.345393657684326172e+00 -6.908504962921142578e+00 5.804172039031982422e+00 -4.371627807617187500e+00 1.420829582214355469e+01
-3.213963270187377930e+00 5.196410179138183594e+00 1.437446117401123047e+01 2.366873741149902344e+00 -2.193891048431396484e+00 -1.957678794860839844e-02 -1.128923892974853516e+00 1.625426173210144043e+00 -1.176887512207031250e+00 -1.778021812438964844e+01
1.785797119140625000e+01 -8.231214523315429688e+00 3.512501239776611328e+00 -1.015610790252685547e+01 -4.382518291473388672e+00 -2.014981269836425781e+00 4.847769737243652344e+00 -2.394877910614013672e+00 -5.524058818817138672e+00 2.563447475433349609e+00
-3.647769212722778320e+00 -3.306840896606445312e+00 -2.187219142913818359e+00 1.275176525115966797e+01 -3.310636520385742188e+00 -1.126487493515014648e+00 -9.942229270935058594e+00 7.373172044754028320e-01 4.263831615447998047e+00 8.945310592651367188e+00
6.241903781890869141e+00 -6.981425285339355469e+00 -3.708860397338867188e+00 -9.858099937438964844e+00 4.134099960327148438e+00 1.779371738433837891e+00 1.932956314086914062e+01 -8.490078926086425781e+00 -1.045392230153083801e-01 -5.916223526000976562e+00
2.138767957687377930e+00 -1.340885925292968750e+01 -4.335707187652587891e+00 -2.339741945266723633e+00 -1.831375002861022949e+00 8.322750091552734375e+00 2.094779586791992188e+01 -7.452923774719238281e+00 1.171962261199951172e+00 -6.237634181976318359e+00
-6.874172687530517578e+00 -1.084520816802978516e+00 1.831070542335510254e+00 9.613470435142517090e-01 -8.565427064895629883e-01 7.912247627973556519e-02 -3.772751808166503906e+00 -8.401527404785156250e+00 1.667029762268066406e+01 -1.512461155652999878e-01
-1.452387714385986328e+01 -8.243612647056579590e-01 1.594936251640319824e+00 -1.181401014328002930e+00 2.097664833068847656e+01 -4.660008430480957031e+00 -1.128448963165283203e+01 6.193188190460205078e+00 -5.039488524198532104e-02 8.367077827453613281e+00
-1.528359985351562500e+01 -1.134189414978027344e+01 2.760026216506958008e+00 2.341778576374053955e-02 1.169274234771728516e+01 2.551406860351562500e+00 -7.431636810302734375e+00 1.515344381332397461e-01 6.411937713623046875e+00 1.330319595336914062e+01
1.845690345764160156e+01 -4.974767208099365234e+00 6.694913387298583984e+00 -1.045046615600585938e+01 -4.734693527221679688e+00 -2.691761970520019531e+00 5.465653896331787109e+00 -5.587564468383789062e+00 -4.178694784641265869e-01 -3.894160270690917969e+00
6.382691860198974609e-01 -9.576767921447753906e+00 -1.208656406402587891e+01 -2.203912496566772461e+00 -7.619875431060791016e+00 1.581829166412353516e+01 3.928380966186523438e+00 1.366573214530944824e+00 6.369617581367492676e-01 4.561977863311767578e+00
-2.359177827835083008e+00 -5.146415233612060547e+00 -3.168653964996337891e+00 9.082854270935058594e+00 -4.234481334686279297e+00 4.933703422546386719e+00 -2.458181858062744141e+00 -6.212935924530029297e+00 4.595226764678955078e+00 2.770728588104248047e+00
-4.637084484100341797e+00 -1.216223239898681641e+01 -9.729098320007324219e+00 -1.719019174575805664e+00 2.719537496566772461e+00 9.191525459289550781e+00 -2.609222412109375000e+00 3.197848320007324219e+00 7.584666252136230469e+00 2.333453178405761719e+00
-6.128731250762939453e+00 -1.051807045936584473e+00 3.889743089675903320e+00 7.885662078857421875e+00 -8.730154037475585938e+00 1.232901811599731445e+00 -1.125422763824462891e+01 4.018510818481445312e+00 1.394241333007812500e+01 -1.650870680809020996e+00
1.201307868957519531e+01 -1.022521495819091797e+00 1.851285457611083984e+00 -8.866342544555664062e+00 -4.741032600402832031e+00 -1.764055728912353516e+00 -1.532615065574645996e+00 -1.166114449501037598e+00 4.372343063354492188e+00 -1.835212588310241699e+00
-9.982248306274414062e+00 -3.648398518562316895e-01 -2.672545194625854492e+00 3.104185295104980469e+01 -1.430864715576171875e+01 3.934442996978759766e+00 -1.500659370422363281e+01 4.589578628540039062e+00 8.185101509094238281e+00 -2.351098299026489258e+00
1.681482315063476562e+01 -4.579524517059326172e+00 4.771680831909179688e+00 -9.785477638244628906e+00 -3.319919347763061523e+00 -6.634428501129150391e+00 -1.914873242378234863e+00 -7.530723512172698975e-02 -4.950900375843048096e-01 1.812301278114318848e+00
-2.940466403961181641e+00 -9.035911560058593750e+00 -1.162714242935180664e+00 7.268729686737060547e+00 2.242282629013061523e+00 3.089109420776367188e+00 -1.098667621612548828e+01 -2.824771404266357422e+00 3.658822774887084961e+00 1.458816909790039062e+01
-6.497701644897460938e+00 -3.620668172836303711e+00 5.713028907775878906e-01 2.301048851013183594e+01 -1.002579307556152344e+01 6.637190818786621094e+00 -6.726510047912597656e+00 -5.626802444458007812e+00 5.844747543334960938e+00 -1.106500387191772461e+00
-3.829995155334472656e+00 -4.419630765914916992e-01 3.204579114913940430e+00 2.994635105133056641e+00 -3.669631719589233398e+00 -3.890065252780914307e-01 -1.812099647521972656e+01 1.910069274902343750e+01 -1.965006113052368164e+00 5.627685070037841797e+00
-5.816246509552001953e+00 5.337280750274658203e+00 -4.102398872375488281e+00 -1.380566596984863281e+00 8.685027360916137695e-01 -2.036249160766601562e+00 -1.247599220275878906e+01 1.294565582275390625e+01 3.036136925220489502e-01 6.008774280548095703e+00
-1.904698252677917480e+00 -2.647382915019989014e-01 1.671199917793273926e+00 2.266137123107910156e+00 -4.660853385925292969e+00 -2.874487638473510742e+00 -1.587928199768066406e+01 1.666520118713378906e+01 1.120291352272033691e-01 5.496056556701660156e+00
-5.686486244201660156e+00 -7.872136831283569336e-01 1.557961344718933105e+00 1.924795913696289062e+01 -6.110871315002441406e+00 4.633277416229248047e+00 -1.228554630279541016e+01 -4.132332324981689453e+00 2.596059560775756836e+00 5.172317504882812500e+00
-9.112093925476074219e+00 1.494204235076904297e+01 -1.769572377204895020e+00 -1.093974828720092773e+00 2.510184764862060547e+00 -5.690330862998962402e-01 -5.240884304046630859e+00 3.056918382644653320e+00 2.020865201950073242e+00 -2.076644659042358398e+00
-1.022367477416992188e+01 -5.723985195159912109e+00 -7.893496513366699219e+00 4.046243190765380859e+00 4.398590087890625000e+00 -1.129673957824707031e+00 -1.375000286102294922e+01 4.005208492279052734e+00 9.171149253845214844e+00 1.987436294555664062e+01
-1.812389731407165527e+00 -5.949003696441650391e+00 3.159238398075103760e-01 1.447027969360351562e+01 -8.053594589233398438e+00 3.088813781738281250e+00 -5.875295162200927734e+00 -3.187457799911499023e+00 3.594634771347045898e+00 1.392500996589660645e+00
-1.688684225082397461e+00 -1.224584460258483887e+00 6.431985855102539062e+00 8.525711059570312500e+00 -9.464198112487792969e+00 -1.761222600936889648e+00 -1.903044700622558594e+01 1.946237754821777344e+01 -3.080740213394165039e+00 6.947218894958496094e+00
-9.343162536621093750e+00 -6.083097457885742188e-01 -5.345410346984863281e+00 2.363038301467895508e+00 9.611999511718750000e+00 -1.482697725296020508e+00 -1.207216358184814453e+01 4.434548854827880859e+00 -3.103693962097167969e+00 1.916102981567382812e+01
1.890387344360351562e+01 -7.381585121154785156e+00 6.278532028198242188e+00 -9.240882873535156250e+00 -6.868698596954345703e+00 -1.110141038894653320e+00 3.388811826705932617e+00 -3.027415037155151367e+00 -4.852643311023712158e-01 -2.344196557998657227e+00
-6.378922462463378906e+00 7.027685642242431641e-02 -3.463326930999755859e+00 1.664322853088378906e+01 -6.199963569641113281e+00 8.872297286987304688e+00 -6.294974803924560547e+00 -7.234047412872314453e+00 4.687929153442382812e+00 7.891660332679748535e-01
1.399065780639648438e+01 -3.401322126388549805e+00 -2.233481779694557190e-02 -5.314308643341064453e+00 -9.123808145523071289e-01 -2.602509498596191406e+00 8.171211481094360352e-01 -1.814739108085632324e+00 -5.488682746887207031e+00 2.175985574722290039e+00
-7.090574741363525391e+00 5.569803714752197266e+00 5.784842491149902344e+00 6.414705753326416016e+00 -6.530389308929443359e+00 -1.000264167785644531e+00 -1.468191719055175781e+01 1.155485343933105469e+01 5.170253276824951172e+00 5.291628241539001465e-01
-4.890765666961669922e+00 5.700032234191894531e+00 5.462046623229980469e+00 9.283003807067871094e+00 -8.344536781311035156e+00 -6.837122917175292969e+00 -2.140238761901855469e+01 1.624413108825683594e+01 3.281930685043334961e+00 5.754673480987548828e+00
5.795612335205078125e-01 -5.763581752777099609e+00 -7.692002654075622559e-01 5.265924930572509766e+00 -4.548322200775146484e+00 8.300133705139160156e+00 7.254204154014587402e-01 -1.967630982398986816e+00 -9.616898298263549805e-01 -3.083176910877227783e-02
-6.396035671234130859e+00 1.490372943878173828e+01 8.313553333282470703e-01 -7.012907505035400391e+00 4.560765266418457031e+00 -1.361052036285400391e+00 -2.500061511993408203e+00 4.076805114746093750e-01 1.028485894203186035e+00 -2.264596223831176758e+00
-4.286684036254882812e+00 1.323565959930419922e+00 -3.502467393875122070e+00 -5.661349296569824219e-01 -2.344638347625732422e+00 -7.527657747268676758e-01 -8.724080085754394531e+00 3.210536479949951172e+00 1.164995288848876953e+01 1.927655458450317383e+00
-8.489734530448913574e-01 3.102875471115112305e+00 6.435718536376953125e+00 7.376008987426757812e+00 -8.090715408325195312e+00 -5.391851902008056641e+00 -1.745626449584960938e+01 1.423388671875000000e+01 1.303608536720275879e+00 5.705345630645751953e+00
1.960019469261169434e+00 -9.737942695617675781e+00 -4.985154628753662109e+00 -1.060695743560791016e+01 7.658478260040283203e+00 2.082442045211791992e+00 1.862779045104980469e+01 -7.679362773895263672e+00 -2.205740928649902344e+00 -8.825077414512634277e-01
-6.034075736999511719e+00 1.614303827285766602e+00 3.130421161651611328e+00 1.943934249877929688e+01 -1.105399417877197266e+01 -1.123668909072875977e+00 -1.743829154968261719e+01 8.691060066223144531e+00 5.876761436462402344e+00 2.621869325637817383e+00
-3.722065210342407227e+00 -1.055621623992919922e+01 -1.232870960235595703e+01 3.623190879821777344e+00 -9.845503807067871094e+00 2.345921325683593750e+01 5.607451438903808594e+00 -8.688326835632324219e+00 8.867016792297363281e+00 5.716189384460449219e+00
1.132639884948730469e+01 -6.130797863006591797e-01 2.014329433441162109e+00 -5.335000514984130859e+00 1.149068251252174377e-01 -6.907913088798522949e-01 1.461349725723266602e-01 -2.584557533264160156e+00 -7.309706687927246094e+00 2.100333690643310547e+00
-9.632207870483398438e+00 -1.078979682922363281e+01 -2.952318191528320312e+00 -3.464085578918457031e+00 1.822048568725585938e+01 -2.547415494918823242e+00 -6.187910556793212891e+00 6.358266353607177734e+00 1.043537139892578125e+00 8.329415321350097656e+00
-6.235216617584228516e+00 -5.598181247711181641e+00 -7.980349063873291016e+00 1.640183830261230469e+01 -8.743186950683593750e+00 1.218838882446289062e+01 -5.928378105163574219e+00 -4.324481964111328125e+00 4.809597492218017578e+00 2.297881126403808594e+00
1.759447455406188965e-01 3.198151588439941406e-01 2.195592498779296875e+01 -2.844898223876953125e+00 -5.653177499771118164e-01 -2.657855510711669922e+00 -1.131501436233520508e+00 -1.678947925567626953e+00 -7.209205031394958496e-01 -1.215935420989990234e+01
-7.578549861907958984e+00 -6.107028484344482422e+00 -3.711478471755981445e+00 -4.905154705047607422e+00 2.120424079895019531e+01 -2.445167779922485352e+00 -5.506941676139831543e-01 3.092921078205108643e-01 -1.951757192611694336e+00 4.254609107971191406e+00
-3.084902048110961914e+00 -2.087313175201416016e+00 4.852343350648880005e-02 -3.523283958435058594e+00 -2.708108723163604736e-02 -4.319040775299072266e+00 -8.740399360656738281e+00 1.165577030181884766e+01 2.092606306076049805e+00 6.282833099365234375e+00
1.411216449737548828e+01 -9.414855241775512695e-01 1.297744631767272949e+00 -7.552617073059082031e+00 -6.673006057739257812e+00 -2.046747446060180664e+00 -3.326094150543212891e+00 1.943509578704833984e-01 3.683572053909301758e+00 -1.923293590545654297e+00
-1.609053611755371094e+00 -1.108863353729248047e+01 -1.090203523635864258e+00 3.865408420562744141e+00 3.547504425048828125e+00 7.478737235069274902e-01 -1.192208385467529297e+01 4.545143604278564453e+00 1.397621750831604004e+00 1.743531417846679688e+01
-7.401165962219238281e+00 -4.495572566986083984e+00 1.684532165527343750e-01 -3.865685701370239258e+00 2.077759170532226562e+01 -2.602531194686889648e+00 -6.324183940887451172e+00 2.965581178665161133e+00 -9.036799669265747070e-01 5.898217558860778809e-01
1.266997623443603516e+01 -4.916172027587890625e+00 3.703393697738647461e+00 -6.284968376159667969e+00 2.233790397644042969e+00 -4.731712818145751953e+00 5.852881073951721191e-01 -4.714082241058349609e+00 -3.116958856582641602e+00 1.941323876380920410e+00
-3.622001409530639648e+00 1.075986671447753906e+01 1.595971775054931641e+01 -8.720560669898986816e-01 -2.139513254165649414e+00 -3.500900983810424805e+00 -1.074869060516357422e+01 -2.118106484413146973e-01 4.522999286651611328e+00 -5.099995136260986328e+00
-2.050132036209106445e+00 -4.460708618164062500e+00 -1.012514591217041016e+00 -4.859293997287750244e-02 -1.303963541984558105e+00 5.693449020385742188e+00 2.137256622314453125e+01 -7.098268508911132812e+00 2.694871902465820312e+00 -1.249807929992675781e+01
-3.263558447360992432e-01 -1.131120085716247559e+00 2.241278648376464844e+00 4.646261632442474365e-01 -6.386438369750976562e+00 -2.950803041458129883e+00 -1.433825969696044922e+01 1.658240699768066406e+01 1.480939745903015137e+00 5.146722793579101562e+00
-1.727012634277343750e+00 3.836567103862762451e-01 3.215847969055175781e+00 4.098276138305664062e+00 -5.575214385986328125e+00 -2.116022825241088867e+00 -1.507859897613525391e+01 1.523948287963867188e+01 -2.111126422882080078e+00 6.338649749755859375e+00
-3.736635923385620117e+00 8.729006648063659668e-01 1.359808802604675293e+00 3.595009803771972656e+00 -1.075019955635070801e+00 -2.461029052734375000e+00 -1.788747024536132812e+01 1.524988365173339844e+01 -1.818642765283584595e-02 6.858670234680175781e+00
-1.109310340881347656e+01 -7.011792182922363281e+00 -1.676117062568664551e+00 2.529085397720336914e+00 3.729920625686645508e+00 1.292776107788085938e+00 -4.233496189117431641e+00 9.764527902007102966e-03 1.422606277465820312e+01 3.699787855148315430e+00
-9.592016220092773438e+00 -2.219117879867553711e-01 -1.053641796112060547e+00 2.275548934936523438e+01 -5.556805133819580078e+00 8.006879806518554688e+00 -1.370470809936523438e+01 -2.841398000717163086e+00 2.652544736862182617e+00 4.498217582702636719e+00
-6.691358566284179688e+00 -7.963750839233398438e+00 -3.050173282623291016e+00 -2.848591089248657227e+00 2.243486785888671875e+01 -3.528092145919799805e+00 -5.387826442718505859e+00 4.175689816474914551e-01 -4.813697040081024170e-01 6.640343189239501953e+00
1.378359794616699219e+01 -3.901764869689941406e+00 2.915545463562011719e+00 -6.043662548065185547e+00 -7.313379764556884766e+00 4.089814722537994385e-01 -5.742953419685363770e-01 9.313195347785949707e-01 -3.879836797714233398e+00 -5.185903310775756836e-01
-1.015841579437255859e+01 1.790437579154968262e+00 -2.283359050750732422e+00 2.223703193664550781e+01 -5.421058177947998047e+00 1.798647880554199219e+00 -1.599418449401855469e+01 8.972562789916992188e+00 5.125924587249755859e+00 -6.142376065254211426e-01
-2.821679353713989258e+00 1.396617984771728516e+01 -2.063927173614501953e+00 -1.076202678680419922e+01 1.899098753929138184e+00 -2.803332090377807617e+00 7.618106007575988770e-01 2.487475872039794922e-01 1.989222884178161621e+00 -2.673895597457885742e+00
-3.104536771774291992e+00 1.355689334869384766e+01 1.308874130249023438e+00 -4.940095901489257812e+00 3.127858638763427734e+00 -5.569639205932617188e+00 -7.344122409820556641e+00 7.994930744171142578e-01 2.113153934478759766e+00 -1.897916436195373535e+00
-3.910686254501342773e+00 -6.523692607879638672e+00 -2.237266063690185547e+00 -4.899706840515136719e-01 3.904238224029541016e+00 -2.784538507461547852e+00 -5.726070404052734375e+00 2.794837474822998047e+00 3.141311883926391602e+00 1.252894210815429688e+01
-6.646717548370361328e+00 -6.440739631652832031e+00 -9.777570724487304688e+00 7.164492607116699219e+00 -4.847508430480957031e+00 1.699621772766113281e+01 -4.177995204925537109e+00 -6.899756431579589844e+00 6.703957080841064453e+00 7.991894245147705078e+00
-7.846417427062988281e+00 -2.448744535446166992e+00 -2.253881454467773438e+00 2.067063713073730469e+01 -6.661231040954589844e+00 5.123948574066162109e+00 -1.307631492614746094e+01 -2.025218486785888672e+00 6.200658798217773438e+00 6.763202190399169922e+00
-1.535823059082031250e+01 2.781272172927856445e+00 -5.827808856964111328e+00 -3.401288747787475586e+00 2.227989959716796875e+01 -4.607761383056640625e+00 -1.103350925445556641e+01 7.279845714569091797e+00 -2.317785918712615967e-01 7.872152805328369141e+00
-7.052711963653564453e+00 1.287768650054931641e+01 -1.700761556625366211e+00 -5.820462226867675781e+00 4.375463008880615234e+00 -2.358810186386108398e+00 -3.611974716186523438e+00 1.877142310142517090e+00 1.712871551513671875e+00 2.255113571882247925e-01
5.197420120239257812e-01 -7.415664196014404297e+00 -7.799551010131835938e+00 6.918678283691406250e+00 -7.404505729675292969e+00 1.586895084381103516e+01 2.917252540588378906e+00 -6.879311084747314453e+00 1.703870296478271484e-01 2.328321695327758789e+00
-1.045147132873535156e+01 -5.319293737411499023e-01 -2.991651773452758789e+00 2.556277275085449219e+01 -7.593249797821044922e+00 6.480182647705078125e+00 -1.078383922576904297e+01 -7.299013614654541016e+00 6.605148315429687500e+00 3.444096565246582031e+00
-5.164651393890380859e+00 1.408816719055175781e+01 -7.438386678695678711e-01 -8.858785629272460938e+00 2.702217578887939453e+00 -3.169532299041748047e+00 -1.205674886703491211e+00 1.335519552230834961e+00 2.229250192642211914e+00 -1.768561363220214844e+00
-2.148283958435058594e+00 4.299940586090087891e+00 1.117121219635009766e+01 4.955658435821533203e+00 -8.187086105346679688e+00 -2.363253831863403320e+00 -5.956905364990234375e+00 -6.193118572235107422e+00 1.056846618652343750e+01 -8.635704040527343750e+00
1.380037593841552734e+01 -7.997283458709716797e+00 -1.990965723991394043e+00 -4.928570747375488281e+00 -8.351224899291992188e+00 5.689659595489501953e+00 3.387908458709716797e+00 -6.833061575889587402e-02 -6.154991626739501953e+00 1.236994028091430664e+00
1.130605697631835938e+01 -1.016436386108398438e+01 1.267631173133850098e+00 -2.248980760574340820e+00 -3.056364774703979492e+00 3.352592885494232178e-01 2.243837118148803711e-01 -1.856651663780212402e+00 -1.650345563888549805e+00 7.233309149742126465e-01
-2.598378658294677734e+00 -4.512975692749023438e+00 -1.076327800750732422e+01 -1.166667938232421875e+00 -6.305813312530517578e+00 1.713912391662597656e+01 4.125316619873046875e+00 -6.069596767425537109e+00 7.537281513214111328e+00 1.136682987213134766e+00
1.397963714599609375e+01 -3.673177480697631836e+00 3.526225328445434570e+00 -6.618784904479980469e+00 -2.236635446548461914e+00 -4.350545883178710938e+00 -5.260276794433593750e+00 -1.576433628797531128e-01 -4.818843901157379150e-01 2.708048105239868164e+00
-5.660197257995605469e+00 -9.452614784240722656e+00 -3.593692541122436523e+00 -6.737350940704345703e+00 2.199521827697753906e+01 -2.975870609283447266e+00 -1.632038831710815430e+00 6.272653341293334961e-01 -1.041980981826782227e+00 5.878477096557617188e+00
-3.952922344207763672e+00 -1.491453933715820312e+01 -3.399582386016845703e+00 5.427292823791503906e+00 -1.074863910675048828e+01 1.418593597412109375e+01 2.450670003890991211e+00 1.494443535804748535e+00 7.470249176025390625e+00 3.225589752197265625e+00
-9.928990364074707031e+00 -5.729980945587158203e+00 -4.076042175292968750e+00 6.320868015289306641e+00 5.329363346099853516e+00 -2.684631109237670898e+00 -1.485431003570556641e+01 7.057947158813476562e+00 6.242523670196533203e+00 1.704349899291992188e+01
-1.278292083740234375e+01 -7.938337802886962891e+00 -4.104031085968017578e+00 3.630433082580566406e+00 9.035408020019531250e+00 1.275406599044799805e+00 -1.316010951995849609e+01 7.952696800231933594e+00 8.939929008483886719e-01 1.818134880065917969e+01
-3.426471233367919922e+00 -4.333231449127197266e+00 9.005098342895507812e-01 5.201882362365722656e+00 -5.220334529876708984e+00 3.992536783218383789e+00 1.059323430061340332e+00 -1.206061840057373047e+01 1.786110496520996094e+01 -3.241450548171997070e+00
-5.779787063598632812e+00 1.391590309143066406e+01 -2.398149013519287109e+00 -6.284442424774169922e+00 3.574311494827270508e+00 -3.034970045089721680e+00 -4.177222251892089844e+00 9.415573477745056152e-01 2.204754114151000977e+00 -1.518406391143798828e+00
3.477437794208526611e-01 -1.449308013916015625e+01 -5.036622047424316406e+00 -5.924472808837890625e+00 1.391132712364196777e+00 7.678552150726318359e+00 2.342123031616210938e+01 -5.151471138000488281e+00 1.149249315261840820e+00 -7.756381511688232422e+00
-3.658407926559448242e+00 1.358077716827392578e+01 -2.939431965351104736e-01 -6.139929771423339844e+00 1.362370848655700684e+00 -4.649866104125976562e+00 -5.203832626342773438e+00 3.847107887268066406e+00 4.292020797729492188e-01 3.612653613090515137e-01
-4.186706840991973877e-01 -9.055225849151611328e-01 4.132333755493164062e+00 5.566771030426025391e+00 -6.719036102294921875e+00 -2.043352603912353516e+00 -1.583564281463623047e+01 1.489196681976318359e+01 -2.991515159606933594e+00 7.398586273193359375e+00
3.466085672378540039e+00 -8.933764457702636719e+00 -6.876164913177490234e+00 2.805006027221679688e+00 -2.839235067367553711e+00 8.675268173217773438e+00 7.119669437408447266e+00 -5.316370010375976562e+00 -2.180963277816772461e+00 1.288744688034057617e+00
1.652640724182128906e+01 -6.439691066741943359e+00 2.570579767227172852e+00 -1.076431655883789062e+01 -4.554015994071960449e-01 -1.540610074996948242e+00 7.660521984100341797e+00 -6.781261920928955078e+00 -9.843039512634277344e-01 -1.781950831413269043e+00
-3.079709053039550781e+00 2.069665670394897461e+00 2.082948875427246094e+01 1.473281860351562500e+00 -5.689588546752929688e+00 -6.989051401615142822e-02 -1.234112262725830078e+01 6.783548355102539062e+00 5.697318911552429199e-01 -6.185480117797851562e+00
-4.446838378906250000e+00 4.355684757232666016e+00 1.247162342071533203e+01 6.734378337860107422e+00 -5.782614707946777344e+00 -1.880951404571533203e+00 -1.370136260986328125e+01 1.444121170043945312e+01 2.182994365692138672e+00 -1.182402038574218750e+01
-1.134442996978759766e+01 -9.340798377990722656e+00 -4.227893829345703125e+00 -4.779792308807373047e+00 2.228648185729980469e+01 7.645017504692077637e-01 -1.125454902648925781e+00 2.163201093673706055e+00 -3.891303390264511108e-02 1.968757390975952148e+00
