-4.426513984799385071e-02
-4.231387749314308167e-02
-9.314741939306259155e-02
6.091786548495292664e-02
7.517954707145690918e-02
4.813256487250328064e-02
1.213353965431451797e-02
-9.094829112291336060e-02
6.240773946046829224e-02
-7.153774797916412354e-02
5.007588490843772888e-02
1.936851255595684052e-02
5.323903635144233704e-02
-7.320480793714523315e-02
5.016164481639862061e-02
9.263718873262405396e-02
8.673635870218276978e-02
-1.497055310755968094e-02
-3.376391530036926270e-02
2.864645421504974365e-02
5.788104608654975891e-02
-4.475376382470130920e-02
6.120401248335838318e-02
1.095807477831840515e-01
9.228514134883880615e-02
-2.235407475382089615e-03
-7.203674316406250000e-02
7.242977619171142578e-03
-2.020332403481006622e-02
-6.052163615822792053e-02
-4.842460155487060547e-02
1.373163759708404541e-01
5.814544111490249634e-02
1.159768998622894287e-01
7.258243113756179810e-02
3.842287883162498474e-02
-4.526799917221069336e-02
8.073345571756362915e-02
-5.319702625274658203e-02
1.555531844496726990e-02
-1.692746207118034363e-02
3.131587989628314972e-03
1.125577837228775024e-02
-1.375913387164473534e-03
-6.666566431522369385e-02
-7.535753399133682251e-02
-4.639437794685363770e-02
-6.842608749866485596e-02
1.052660793066024780e-01
6.394819915294647217e-02
-1.471996214240789413e-02
-6.930831819772720337e-03
-5.440150201320648193e-02
-6.967903114855289459e-03
-2.929843962192535400e-03
6.483364105224609375e-02
1.245339121669530869e-02
-4.899340867996215820e-02
1.329182237386703491e-01
-5.420339480042457581e-02
-2.497632429003715515e-02
-2.559243701398372650e-02
3.035143949091434479e-02
7.092572003602981567e-02
-2.001590467989444733e-02
1.319053675979375839e-02
7.287882268428802490e-02
5.188558623194694519e-02
-6.141308695077896118e-02
2.057656273245811462e-02
3.503829240798950195e-02
4.514999687671661377e-02
-2.645175158977508545e-02
-7.297699898481369019e-02
-5.051503702998161316e-02
1.062107905745506287e-01
-5.609050020575523376e-02
-7.653377950191497803e-02
5.397831276059150696e-02
9.544479101896286011e-02
3.308937698602676392e-02
-5.057068914175033569e-02
4.001845046877861023e-02
-2.809257805347442627e-02
