-2.108987331390380859e+00 -4.042876720428466797e+00 -3.076351404190063477e+00 -3.769339084625244141e+00 6.130675315856933594e+00 1.558318018913269043e+00 7.420549392700195312e+00 -4.643869400024414062e+00 -1.977210879325866699e+00 2.428151369094848633e+00
-3.845153808593750000e+00 9.221020698547363281e+00 2.298493385314941406e+00 -6.485611438751220703e+00 1.551080465316772461e+00 4.057642221450805664e-01 4.291606426239013672e+00 -4.012448310852050781e+00 4.638133943080902100e-01 -3.972122907638549805e+00
-1.074748396873474121e+00 -4.848596572875976562e+00 3.204262495040893555e+00 6.557507038116455078e+00 -7.904825687408447266e+00 4.439710617065429688e+00 8.463987708091735840e-01 -6.535655975341796875e+00 1.574666786193847656e+01 -8.744372367858886719e+00
-1.224145507812500000e+01 -3.160909175872802734e+00 -6.524450302124023438e+00 7.384546756744384766e+00 -5.276985168457031250e+00 1.974938583374023438e+01 -2.954930782318115234e+00 -7.296368598937988281e+00 2.300275325775146484e+00 8.929805755615234375e+00
3.303862512111663818e-01 -4.142964363098144531e+00 -3.584691286087036133e+00 -3.770571708679199219e+00 1.435773134231567383e+00 3.095329999923706055e+00 1.670412063598632812e+01 -5.795615196228027344e+00 2.537734031677246094e+00 -6.647342681884765625e+00
1.474745941162109375e+01 -6.391213417053222656e+00 2.165302276611328125e+00 -3.294661283493041992e+00 -1.333706498146057129e+00 -1.852054476737976074e+00 -8.664955496788024902e-01 -1.918479681015014648e+00 -1.021637439727783203e+00 2.382233440876007080e-01
-5.378178119659423828e+00 -5.975813388824462891e+00 -2.300556182861328125e+00 1.196577548980712891e+00 5.640570640563964844e+00 -8.978618681430816650e-02 -9.097943305969238281e+00 2.524021625518798828e+00 2.272766113281250000e+00 1.568940734863281250e+01
1.358901023864746094e+01 -5.677268505096435547e+00 3.668153762817382812e+00 -4.133295536041259766e+00 -5.270426750183105469e+00 6.258629262447357178e-02 3.916712850332260132e-02 1.083930969238281250e+00 7.208153009414672852e-01 -8.847147226333618164e-01
-2.003294229507446289e+00 -3.759963512420654297e+00 -3.551150560379028320e+00 5.801765918731689453e+00 1.584066152572631836e+00 2.807322740554809570e-01 -7.360838413238525391e+00 1.380110502243041992e+00 -7.932943701744079590e-01 1.510131263732910156e+01
2.384956836700439453e+00 -4.234328746795654297e+00 -4.995617866516113281e+00 2.425488710403442383e+00 -4.108389377593994141e+00 3.266367197036743164e+00 1.085284352302551270e+00 -5.965397357940673828e+00 9.707113265991210938e+00 3.300169706344604492e+00
-1.037428760528564453e+01 4.025388956069946289e-01 1.510715723037719727e+00 2.805787658691406250e+01 -7.758986949920654297e+00 4.948102951049804688e+00 -1.310606670379638672e+01 -1.922099590301513672e+00 6.903407573699951172e+00 9.420498460531234741e-02
5.182704925537109375e+00 -1.068477725982666016e+01 -5.846273422241210938e+00 -9.780536651611328125e+00 9.570627212524414062e-01 5.490610599517822266e+00 2.895411682128906250e+01 -1.320448493957519531e+01 3.045320272445678711e+00 -4.590768814086914062e+00
-3.441414356231689453e+00 -4.697883129119873047e+00 -3.816460609436035156e+00 2.485597133636474609e+00 5.231564521789550781e+00 -5.136720180511474609e+00 -7.854126930236816406e+00 -2.165563404560089111e-01 3.006911277770996094e+00 1.763479995727539062e+01
3.991408586502075195e+00 -7.112301826477050781e+00 -6.228835105895996094e+00 -7.299263477325439453e+00 2.049031257629394531e+00 4.579142093658447266e+00 1.593607807159423828e+01 -3.463312625885009766e+00 1.316337108612060547e+00 -4.814103603363037109e+00
-4.496871948242187500e+00 1.252640247344970703e+01 1.299400091171264648e+00 -7.405684947967529297e+00 1.753314375877380371e+00 -1.319479465484619141e+00 1.405766129493713379e+00 -9.904333949089050293e-01 1.874805837869644165e-01 -2.727047681808471680e+00
-3.270622730255126953e+00 -1.216936826705932617e+00 -1.318130493164062500e+00 3.300972938537597656e+00 -4.966632366180419922e+00 5.482462793588638306e-02 -2.112908124923706055e+00 -4.719785690307617188e+00 1.433872127532958984e+01 1.194176316261291504e+00
1.029465675354003906e+00 -6.059200286865234375e+00 8.690695762634277344e+00 7.459732532501220703e+00 9.819648861885070801e-01 -3.318999290466308594e+00 -7.770507335662841797e+00 -5.765978693962097168e-01 3.677627801895141602e+00 -1.071220397949218750e+00
1.341894745826721191e+00 -5.423988819122314453e+00 -4.956897258758544922e+00 -6.080731391906738281e+00 4.405690133571624756e-01 3.763764142990112305e+00 2.057625961303710938e+01 -1.099002647399902344e+01 4.827039241790771484e+00 -3.213704347610473633e+00
-5.052196025848388672e+00 -4.384868144989013672e+00 2.037371098995208740e-01 -6.813106536865234375e-01 -5.151923179626464844e+00 7.153726220130920410e-01 -1.460417866706848145e+00 -6.400760650634765625e+00 2.141558456420898438e+01 -1.010329127311706543e+00
-2.433672428131103516e+00 -2.150014638900756836e+00 2.307513236999511719e+00 -1.535332322120666504e+00 -2.361001491546630859e+00 -1.196542263031005859e+00 -1.041465473175048828e+01 1.578370189666748047e+01 -8.997690081596374512e-01 4.329744338989257812e+00
-3.624735832214355469e+00 1.541273593902587891e+01 -1.472351431846618652e+00 -8.082458496093750000e+00 1.215288043022155762e+00 -2.555701017379760742e+00 -3.768681287765502930e+00 4.731114387512207031e+00 8.174752593040466309e-01 -2.433597803115844727e+00
-5.609102725982666016e+00 4.026400566101074219e+00 3.706337451934814453e+00 5.140809059143066406e+00 -4.557705402374267578e+00 -5.472105979919433594e+00 -1.424536705017089844e+01 1.875987625122070312e+01 -1.464015603065490723e+00 3.932335853576660156e+00
-9.175044059753417969e+00 1.484112501144409180e+00 1.343952178955078125e+00 2.780539131164550781e+01 -1.342669773101806641e+01 5.322875022888183594e+00 -1.370062446594238281e+01 1.864001631736755371e+00 3.116266727447509766e+00 6.523717403411865234e+00
-5.149991989135742188e+00 -4.059475421905517578e+00 -2.279281616210937500e+00 6.880328804254531860e-02 3.825291633605957031e+00 2.269395112991333008e+00 -7.727283000946044922e+00 3.596996307373046875e+00 -2.910431921482086182e-01 1.282426452636718750e+01
-3.603234767913818359e+00 -1.051628112792968750e+01 -4.389944553375244141e+00 2.468477249145507812e+00 2.979680061340332031e+00 -4.084752082824707031e+00 -5.288136959075927734e+00 1.578747332096099854e-01 6.943568706512451172e+00 1.504416656494140625e+01
-4.770262241363525391e+00 1.169450044631958008e+00 5.941927909851074219e+00 6.605993270874023438e+00 -4.966988563537597656e+00 -5.000085830688476562e+00 -6.974905967712402344e+00 -3.959279954433441162e-01 1.273149871826171875e+01 -2.808379888534545898e+00
-3.292372226715087891e+00 -2.851708889007568359e+00 -3.969515800476074219e+00 8.643925189971923828e-01 -4.313911914825439453e+00 3.377539396286010742e+00 2.264354705810546875e+00 -9.860067367553710938e+00 1.551688098907470703e+01 1.430815100669860840e+00
-4.226739406585693359e+00 -6.408635616302490234e+00 -1.296886652708053589e-01 8.388345718383789062e+00 -7.203718662261962891e+00 -1.225327730178833008e+00 -5.001947402954101562e+00 -5.687979698181152344e+00 1.948403739929199219e+01 2.272398233413696289e+00
-1.890252232551574707e+00 1.393231964111328125e+01 2.194817066192626953e+00 -4.616576671600341797e+00 1.322005629539489746e+00 -4.960848808288574219e+00 -3.949611663818359375e+00 1.241326808929443359e+00 1.802757859230041504e+00 -3.242279291152954102e+00
-4.565070152282714844e+00 7.583165645599365234e+00 -7.687644362449645996e-01 -3.074823379516601562e+00 1.900237083435058594e+00 -1.151053428649902344e+00 -6.430465579032897949e-01 -4.875794798135757446e-02 6.176431179046630859e-01 6.874837726354598999e-02
-1.796951293945312500e+00 1.278086423873901367e+00 1.603255510330200195e+00 8.270752906799316406e+00 -2.865992069244384766e+00 2.225873231887817383e+00 -6.244665622711181641e+00 5.307169914245605469e+00 -2.666006088256835938e+00 2.400744706392288208e-02
-2.772661924362182617e+00 -9.108772277832031250e+00 -4.041474819183349609e+00 3.136015892028808594e+00 3.285218954086303711e+00 -3.440383911132812500e+00 -6.924783229827880859e+00 7.496148347854614258e-01 4.375726699829101562e+00 1.698691940307617188e+01
-1.561547398567199707e+00 7.041125774383544922e+00 4.946861416101455688e-02 -3.352031946182250977e+00 1.099345207214355469e+00 -4.339060783386230469e-01 9.143214225769042969e-01 1.170158609747886658e-01 -1.362887263298034668e+00 -1.958431005477905273e+00
-8.689974784851074219e+00 7.739475965499877930e-01 -1.074424684047698975e-01 2.810608100891113281e+01 -9.501852989196777344e+00 2.245394945144653320e+00 -1.453849887847900391e+01 1.432747483253479004e+00 7.289477348327636719e+00 1.746965050697326660e+00
-8.097317814826965332e-02 2.866311073303222656e+00 1.169686603546142578e+01 6.323989391326904297e+00 -6.661661624908447266e+00 -6.149737358093261719e+00 -7.044508934020996094e+00 3.918885946273803711e+00 3.052601575851440430e+00 -5.482675075531005859e+00
-5.392295837402343750e+00 -7.964771986007690430e-01 4.663192927837371826e-01 4.221488475799560547e+00 -5.919657707214355469e+00 5.191514492034912109e-01 -2.988101005554199219e+00 -5.060036659240722656e+00 1.928913688659667969e+01 -4.434403419494628906e+00
-1.041388320922851562e+01 -2.847642660140991211e+00 -9.964017868041992188e+00 8.776000022888183594e+00 -6.788249015808105469e+00 2.229206085205078125e+01 -4.254058599472045898e-01 -9.394517898559570312e+00 3.969252347946166992e+00 8.500513076782226562e+00
-8.257530212402343750e+00 -8.431571960449218750e+00 -1.090263557434082031e+01 3.703730821609497070e+00 -6.157199859619140625e+00 2.209343528747558594e+01 3.667991399765014648e+00 -1.068823623657226562e+01 6.103654384613037109e+00 1.016502857208251953e+01
-1.562415027618408203e+01 -4.123077869415283203e+00 -1.070913124084472656e+01 1.825961112976074219e+01 -9.178545951843261719e+00 2.388796997070312500e+01 -4.770451545715332031e+00 -1.063590049743652344e+01 7.789584159851074219e+00 7.458377838134765625e+00
2.136761283874511719e+01 -7.413819313049316406e+00 4.941629409790039062e+00 -6.583024024963378906e+00 -5.680663585662841797e+00 -2.513770103454589844e+00 2.150031566619873047e+00 -2.631346940994262695e+00 2.125121057033538818e-01 -3.122728824615478516e+00
-1.640137791633605957e+00 -1.140157032012939453e+01 -5.401994228363037109e+00 3.608731746673583984e+00 1.598897933959960938e+00 -2.193443536758422852e+00 -6.030494689941406250e+00 -9.934545159339904785e-01 5.427701473236083984e+00 1.899330329895019531e+01
-4.209660053253173828e+00 1.572572612762451172e+01 -2.532030344009399414e+00 -7.179899215698242188e+00 2.906314611434936523e+00 -3.328853130340576172e+00 -3.249261379241943359e+00 3.938429117202758789e+00 -8.412860333919525146e-03 -2.199743747711181641e+00
-7.047303676605224609e+00 -8.015204429626464844e+00 -3.512942790985107422e+00 1.920658946037292480e+00 7.023738384246826172e+00 -8.184499740600585938e-01 -1.179183578491210938e+01 7.185018062591552734e+00 7.249655723571777344e-01 1.823129081726074219e+01
4.906811714172363281e+00 -5.689064979553222656e+00 2.122987270355224609e+00 -8.351017951965332031e+00 5.090378761291503906e+00 1.647646784782409668e+00 1.440522098541259766e+01 -7.583148956298828125e+00 -2.759509086608886719e+00 -3.603008747100830078e+00
5.418386936187744141e+00 -5.924295902252197266e+00 1.595808410644531250e+01 -1.438142657279968262e+00 3.670569658279418945e+00 -6.941064357757568359e+00 -6.432746410369873047e+00 -1.652337193489074707e+00 -2.775232315063476562e+00 -2.283339977264404297e+00
-6.028120517730712891e+00 1.396269130706787109e+01 5.386034399271011353e-02 -6.585624694824218750e+00 4.550465583801269531e+00 -3.173982143402099609e+00 -1.187478065490722656e+00 1.574645638465881348e+00 -2.686683833599090576e-01 -3.830573558807373047e+00
-6.068292617797851562e+00 3.527951717376708984e+00 1.234028816223144531e+01 6.226841449737548828e+00 -4.440387248992919922e+00 -7.491385459899902344e+00 -1.273800849914550781e+01 1.239841651916503906e+01 1.819103717803955078e+00 -4.563797950744628906e+00
9.519705772399902344e-01 3.992884397506713867e+00 1.954810333251953125e+01 5.346928596496582031e+00 -6.031834125518798828e+00 -1.072436237335205078e+01 -8.833426475524902344e+00 5.159048557281494141e+00 3.093553781509399414e+00 -1.089399242401123047e+01
-8.380943298339843750e+00 4.884147644042968750e-01 4.208441257476806641e+00 6.760882854461669922e+00 1.333847641944885254e+00 -2.968246221542358398e+00 -1.567378807067871094e+01 1.457678985595703125e+01 -1.961127877235412598e+00 4.322935104370117188e+00
-5.573845386505126953e+00 5.935582518577575684e-02 3.920209407806396484e+00 9.595985412597656250e+00 -3.973582029342651367e+00 -1.046644878387451172e+01 -1.466842460632324219e+01 1.349567317962646484e+01 8.075940132141113281e+00 3.302717685699462891e+00
8.161653280258178711e-01 2.035266399383544922e+00 1.730754280090332031e+01 5.326178550720214844e+00 -7.734683036804199219e+00 -7.776903629302978516e+00 -6.755452156066894531e+00 5.060113906860351562e+00 2.988426446914672852e+00 -8.424134254455566406e+00
-9.365432262420654297e-01 2.591905593872070312e+00 3.439403772354125977e+00 1.648430824279785156e+00 -3.171350717544555664e+00 -5.425826549530029297e+00 -7.110556602478027344e+00 6.836783409118652344e+00 2.748258113861083984e+00 1.228468179702758789e+00
1.588186979293823242e+00 -8.972678184509277344e+00 -4.257343769073486328e+00 -3.655328273773193359e+00 -1.971964985132217407e-01 6.014882087707519531e+00 2.155187988281250000e+01 -1.263581943511962891e+01 4.822932720184326172e+00 -3.984814167022705078e+00
1.221231842041015625e+01 -9.803599357604980469e+00 -9.517089724540710449e-01 -8.004097342491149902e-01 -4.193848609924316406e+00 4.058933258056640625e+00 3.257847547531127930e+00 1.729791641235351562e+00 -1.025261282920837402e+00 -1.578625202178955078e+00
-5.023026943206787109e+00 1.696685600280761719e+01 -1.185497641563415527e+00 -9.089113235473632812e+00 4.143500328063964844e+00 -3.017559766769409180e+00 -1.715968608856201172e+00 2.642624616622924805e+00 -6.814128756523132324e-01 -3.606129646301269531e+00
-3.598789215087890625e+00 1.416896152496337891e+01 3.647134602069854736e-01 -6.956729888916015625e+00 2.912040472030639648e+00 -3.458863019943237305e+00 -2.374529361724853516e+00 2.178062200546264648e+00 9.313553571701049805e-03 -2.929541826248168945e+00
-8.746813774108886719e+00 -5.585597038269042969e+00 -9.185186386108398438e+00 4.093488693237304688e+00 -6.807716369628906250e+00 1.905327224731445312e+01 6.241582870483398438e+00 -1.118229389190673828e+01 6.154971122741699219e+00 7.821385383605957031e+00
9.858294725418090820e-01 -6.666595458984375000e+00 2.546720266342163086e+00 5.175318241119384766e+00 -7.202154636383056641e+00 -1.927974700927734375e+00 5.971752107143402100e-03 -7.214397907257080078e+00 1.657935905456542969e+01 -5.458605289459228516e-01
-7.372353553771972656e+00 1.190951538085937500e+01 1.334517002105712891e-01 -5.771917819976806641e+00 2.929753065109252930e+00 -1.408490180969238281e+00 -3.568287491798400879e-01 -3.591629564762115479e-01 7.440716624259948730e-01 -9.412251114845275879e-01
-1.321129608154296875e+01 -2.852061748504638672e+00 -8.291522979736328125e+00 5.045403957366943359e+00 -8.619731903076171875e+00 2.043542289733886719e+01 3.591563105583190918e-01 -9.612629890441894531e+00 8.156273841857910156e+00 9.747145652770996094e+00
-1.826002717018127441e+00 1.785295963287353516e+00 2.096398115158081055e+00 -1.378904104232788086e+00 -2.104518651962280273e+00 -1.154057025909423828e+00 -1.004515075683593750e+01 1.530441951751708984e+01 -3.468240737915039062e+00 3.004693031311035156e+00
-4.400632381439208984e+00 -6.393258094787597656e+00 -8.697930574417114258e-01 -1.479206562042236328e+00 9.205493927001953125e+00 6.746271848678588867e-01 -1.050309658050537109e+01 4.794590473175048828e+00 -3.197157859802246094e+00 1.452534008026123047e+01
-5.390308380126953125e+00 -3.422299623489379883e+00 -2.693826258182525635e-01 5.156116008758544922e+00 -2.932046175003051758e+00 -2.930795669555664062e+00 -5.974969387054443359e+00 -2.043601751327514648e+00 1.698514175415039062e+01 2.801630198955535889e-01
8.932122588157653809e-01 -8.639428138732910156e+00 -1.445150494575500488e+00 3.411991834640502930e+00 -4.736392498016357422e+00 -3.264909982681274414e-01 8.101377487182617188e-01 -5.755968093872070312e+00 1.303363895416259766e+01 3.707840681076049805e+00
-8.027685165405273438e+00 1.117254924774169922e+01 -2.939327061176300049e-02 -3.901862382888793945e+00 2.992860555648803711e+00 -1.652414441108703613e+00 -2.095793247222900391e+00 2.297592163085937500e-01 1.540938019752502441e+00 -6.399948000907897949e-01
2.153988075256347656e+01 -8.793109893798828125e+00 4.762464046478271484e+00 -1.007845211029052734e+01 -6.782866477966308594e+00 1.290121793746948242e+00 5.611730098724365234e+00 -5.714557170867919922e-01 -3.098517656326293945e-02 -3.141020059585571289e+00
3.055312633514404297e+00 8.901409506797790527e-01 1.640361022949218750e+01 6.380087852478027344e+00 -7.661075592041015625e+00 -8.202217102050781250e+00 -8.113142013549804688e+00 4.187590122222900391e+00 1.451636433601379395e+00 -5.011394023895263672e+00
-6.557514190673828125e+00 -6.777988433837890625e+00 -3.492819547653198242e+00 3.052616357803344727e+00 5.044652462005615234e+00 -1.203724741935729980e+00 -1.037134933471679688e+01 5.088120460510253906e+00 2.054548740386962891e+00 1.724874114990234375e+01
1.544163513183593750e+01 -6.953958988189697266e+00 1.284175038337707520e+00 -8.765047073364257812e+00 -3.069437444210052490e-01 9.345760941505432129e-02 5.979886054992675781e+00 -4.220145702362060547e+00 -3.888793945312500000e+00 1.681646227836608887e+00
1.659209060668945312e+01 -1.138639736175537109e+01 3.783687114715576172e+00 -7.393239498138427734e+00 9.090091586112976074e-01 -2.471072912216186523e+00 5.981540679931640625e+00 -6.686501979827880859e+00 -2.059082984924316406e+00 1.306522488594055176e+00
2.070551681518554688e+01 -9.041612625122070312e+00 4.763856887817382812e+00 -9.392868041992187500e+00 -3.016640901565551758e+00 -2.331336975097656250e+00 6.431635856628417969e+00 -6.029469490051269531e+00 -2.802953481674194336e+00 3.415240347385406494e-01
-4.469563484191894531e+00 1.095968246459960938e+01 4.854476153850555420e-01 -6.187515258789062500e+00 1.502928256988525391e+00 -6.728433072566986084e-05 2.408536195755004883e+00 -2.599047422409057617e+00 6.383122801780700684e-01 -2.435453414916992188e+00
-2.443732261657714844e+00 -7.998050212860107422e+00 -3.385972261428833008e+00 3.153291702270507812e+00 7.104957103729248047e-01 -2.880541563034057617e+00 -3.136797904968261719e+00 -1.985572218894958496e+00 4.802389621734619141e+00 1.333197021484375000e+01
-3.736980915069580078e+00 1.065791702270507812e+01 -1.889053881168365479e-01 -6.385060787200927734e+00 1.689433455467224121e+00 -3.026599586009979248e-01 1.625411152839660645e+00 -5.704340934753417969e-01 -5.333663225173950195e-01 -2.043642044067382812e+00
-3.839991986751556396e-01 1.759243488311767578e+00 1.596481323242187500e+00 -5.601141929626464844e+00 2.692765951156616211e+00 2.359655380249023438e+00 7.591317176818847656e+00 -4.762494564056396484e+00 -2.118256330490112305e+00 -3.681052207946777344e+00
-3.020540952682495117e+00 -2.541585683822631836e+00 -2.106852769851684570e+00 5.744293212890625000e+00 -2.760024070739746094e+00 -3.384132623672485352e+00 -5.620134830474853516e+00 -4.529653549194335938e+00 1.346835231781005859e+01 5.954956531524658203e+00
-4.983557701110839844e+00 8.211269378662109375e+00 8.767450451850891113e-01 -2.898271799087524414e+00 1.184775829315185547e+00 -2.129666328430175781e+00 -2.039059877395629883e+00 1.679184794425964355e+00 1.567748904228210449e+00 -1.438508033752441406e+00
-2.583338499069213867e+00 -7.681635856628417969e+00 -2.748769760131835938e+00 4.730625629425048828e+00 3.460411787033081055e+00 -1.670616388320922852e+00 -7.509252071380615234e+00 1.382340312004089355e+00 1.169977784156799316e-01 1.763637351989746094e+01
3.468257427215576172e+00 -4.822880268096923828e+00 1.367291331291198730e+00 -8.488358497619628906e+00 3.870587110519409180e+00 4.279222488403320312e+00 1.499293708801269531e+01 -1.034634780883789062e+01 -1.345589041709899902e+00 -3.012836456298828125e+00
-7.643149852752685547e+00 4.030734300613403320e-01 2.981819957494735718e-02 2.612753486633300781e+01 -9.840415954589843750e+00 2.345648050308227539e+00 -1.236951732635498047e+01 -5.765689015388488770e-01 7.211403369903564453e+00 3.679274797439575195e+00
-5.746969223022460938e+00 -1.054557418823242188e+01 -5.580926418304443359e+00 1.611600279808044434e+00 4.929581642150878906e+00 6.378384232521057129e-01 -7.995345592498779297e+00 1.707930207252502441e+00 3.368902206420898438e+00 2.041903686523437500e+01
-4.380044460296630859e+00 -5.901638507843017578e+00 3.490575790405273438e+00 -5.232894897460937500e+00 1.609415435791015625e+01 -4.170221328735351562e+00 -1.023237991333007812e+01 3.488083124160766602e+00 -2.408229112625122070e+00 6.467681407928466797e+00
-1.591007804870605469e+01 -4.975843906402587891e+00 -1.380997180938720703e+01 1.093735122680664062e+01 -1.233056449890136719e+01 3.020754241943359375e+01 -9.792288541793823242e-01 -1.066573333740234375e+01 9.275560379028320312e+00 1.185860061645507812e+01
-7.869647026062011719e+00 -8.562284111976623535e-01 -1.183410167694091797e+00 -6.899983406066894531e+00 2.025171661376953125e+01 -3.930607795715332031e+00 -5.643624782562255859e+00 1.820719122886657715e+00 -1.886482000350952148e+00 3.173762798309326172e+00
-5.580678939819335938e+00 1.425483608245849609e+01 -6.014958024024963379e-01 -6.215149402618408203e+00 2.066681861877441406e+00 -2.928654909133911133e+00 -2.557360887527465820e+00 2.079152107238769531e+00 -2.811073362827301025e-01 3.377289175987243652e-01
-4.869515419006347656e+00 -4.265320301055908203e+00 -2.142185211181640625e+00 -5.605677366256713867e-01 6.645907878875732422e+00 -3.497709929943084717e-01 -1.052995014190673828e+01 6.424806594848632812e+00 -2.620632648468017578e+00 1.711234664916992188e+01
2.692820310592651367e+00 -4.007194042205810547e+00 1.674603581428527832e+00 7.411423325538635254e-01 -3.057343244552612305e+00 -1.187113285064697266e+00 -8.141565322875976562e+00 9.219103813171386719e+00 -1.953477263450622559e+00 8.209290504455566406e+00
-1.206826925277709961e+00 -4.153369426727294922e+00 -1.010755777359008789e+00 -5.650638103485107422e+00 6.196480393409729004e-01 4.733299732208251953e+00 2.036533355712890625e+01 -8.412721633911132812e+00 3.305376052856445312e+00 -8.378165245056152344e+00
-2.939128875732421875e+00 2.665780544281005859e+00 4.636548995971679688e+00 2.112997436523437500e+01 -8.020963668823242188e+00 7.791685461997985840e-01 -1.249679756164550781e+01 3.575243055820465088e-03 2.714184522628784180e+00 2.652243852615356445e+00
-4.605579376220703125e+00 -4.758832931518554688e+00 -3.541606664657592773e+00 -4.065644741058349609e+00 1.364087390899658203e+01 -2.094465970993041992e+00 -3.652680635452270508e+00 -1.959357857704162598e-01 -4.270214140415191650e-01 9.732399940490722656e+00
-5.555631160736083984e+00 9.980597496032714844e+00 -1.799708843231201172e+00 -5.883874893188476562e+00 2.682244479656219482e-01 1.006099939346313477e+00 8.507641553878784180e-01 -1.839117288589477539e+00 2.778318881988525391e+00 5.394696593284606934e-01
-7.312478065490722656e+00 3.883152484893798828e+00 5.168882369995117188e+00 6.194125652313232422e+00 -1.105042815208435059e+00 -9.342790603637695312e+00 -1.499304580688476562e+01 1.886158943176269531e+01 -3.144218027591705322e-02 3.019147515296936035e-01
1.453026294708251953e+01 -7.702111244201660156e+00 1.505637764930725098e+00 -2.683581829071044922e+00 7.677955627441406250e-01 -9.565172195434570312e-01 1.665634870529174805e+00 -4.766123771667480469e+00 -2.016999483108520508e+00 5.550531148910522461e-01
1.558864414691925049e-01 -5.841929435729980469e+00 -3.854692697525024414e+00 -7.879128456115722656e+00 8.225654363632202148e-01 5.106471538543701172e+00 2.236625862121582031e+01 -1.188564300537109375e+01 2.413570404052734375e+00 -1.337997198104858398e+00
-3.608997821807861328e+00 -1.289108991622924805e+00 4.080117046833038330e-01 1.810550689697265625e+01 -5.627493858337402344e+00 3.949115991592407227e+00 -9.421035766601562500e+00 -1.373265743255615234e+00 3.759007692337036133e+00 4.725208282470703125e+00
2.411484241485595703e+00 -9.186078071594238281e+00 -4.086041450500488281e+00 -4.313439846038818359e+00 -4.321304798126220703e+00 6.920574665069580078e+00 2.171635437011718750e+01 -1.304667091369628906e+01 7.415620803833007812e+00 -3.266034841537475586e+00
-1.403792381286621094e+01 -8.868978619575500488e-01 -9.137772560119628906e+00 1.217550468444824219e+01 -1.097462177276611328e+01 2.517057228088378906e+01 -1.423828601837158203e+00 -1.226129531860351562e+01 5.717936038970947266e+00 9.765672683715820312e+00
-8.636053085327148438e+00 -5.191893577575683594e+00 -5.890001296997070312e+00 8.621025085449218750e+00 -8.341346740722656250e+00 1.786579895019531250e+01 -1.587403297424316406e+00 -4.492267131805419922e+00 5.123687267303466797e+00 5.944106101989746094e+00
-6.013310909271240234e+00 3.592204451560974121e-01 2.768090248107910156e+00 1.825222015380859375e+01 -5.215897083282470703e+00 2.828562021255493164e+00 -9.277006149291992188e+00 -1.635869383811950684e+00 3.590919256210327148e+00 1.210583925247192383e+00
-6.704249858856201172e+00 -4.024297237396240234e+00 -2.930161714553833008e+00 6.133279800415039062e+00 -3.140228509902954102e+00 2.416680574417114258e+00 -3.036337614059448242e+00 -5.839438438415527344e+00 1.274034118652343750e+01 4.072316646575927734e+00
1.182909870147705078e+01 -4.741903781890869141e+00 4.035709857940673828e+00 -2.814428806304931641e+00 -7.720424652099609375e+00 1.752633690834045410e+00 3.029699563980102539e+00 7.157809138298034668e-01 1.282840251922607422e+00 -2.967748165130615234e+00
-6.188364505767822266e+00 -4.899565219879150391e+00 -8.073731422424316406e+00 9.707151412963867188e+00 -9.986836433410644531e+00 2.057640075683593750e+01 6.729228049516677856e-02 -1.022134113311767578e+01 5.572126388549804688e+00 7.329866409301757812e+00
1.125878906250000000e+01 -5.546782970428466797e+00 1.123224616050720215e+00 -3.295977354049682617e+00 -4.658597946166992188e+00 1.617066025733947754e+00 2.617671012878417969e+00 -4.009538292884826660e-01 9.960498809814453125e-01 -1.259460091590881348e+00
-1.271886825561523438e+00 9.467495918273925781e+00 7.566307187080383301e-01 2.305064439773559570e+00 -8.998322486877441406e-01 -9.910529136657714844e+00 -1.045515823364257812e+01 8.081615447998046875e+00 2.959620714187622070e+00 2.421578168869018555e+00
-6.969138145446777344e+00 -6.875433444976806641e+00 -2.772033929824829102e+00 -5.053389549255371094e+00 1.988374519348144531e+01 -1.178429365158081055e+00 -4.378535270690917969e+00 -2.845602989196777344e+00 1.379395604133605957e+00 5.881075859069824219e+00
-1.572963476181030273e+00 4.435318946838378906e+00 4.092631042003631592e-01 -1.695577740669250488e+00 -2.783324420452117920e-01 -4.269134044647216797e+00 -7.284718036651611328e+00 7.037416458129882812e+00 -5.996136069297790527e-01 4.957162857055664062e+00
-1.217659282684326172e+01 6.426036357879638672e-01 -1.856238722801208496e+00 2.860837364196777344e+01 -6.552034854888916016e+00 8.391848564147949219e+00 -1.461909580230712891e+01 -4.352426052093505859e+00 6.776989459991455078e+00 5.490029335021972656e+00
-3.450207471847534180e+00 -4.732309341430664062e+00 5.006093978881835938e+00 4.817269802093505859e+00 -3.911026000976562500e+00 -3.358006477355957031e+00 -6.755257248878479004e-01 -3.922461748123168945e+00 1.577144622802734375e+01 -4.306631088256835938e+00
8.094741702079772949e-01 -1.374828100204467773e+00 1.345362377166748047e+01 -3.014806747436523438e+00 6.829719543457031250e+00 -4.614149093627929688e+00 -5.770203590393066406e+00 -1.962692141532897949e-01 -4.354523181915283203e+00 -5.686858654022216797e+00
3.719778299331665039e+00 -3.980087280273437500e+00 3.653398752212524414e-01 5.361913204193115234e+00 -6.613774299621582031e+00 4.823700428009033203e+00 2.323633670806884766e+00 -5.153790473937988281e+00 8.090166091918945312e+00 -5.737342834472656250e+00
-6.618749618530273438e+00 -6.734240055084228516e+00 1.324419260025024414e+00 -5.466202735900878906e+00 2.006046295166015625e+01 -8.498772978782653809e-01 -8.778150558471679688e+00 2.776114702224731445e+00 -1.571186542510986328e+00 3.543374776840209961e+00
1.211490631103515625e+01 -9.107795715332031250e+00 1.810600161552429199e+00 -4.768473148345947266e+00 -2.067168235778808594e+00 -2.370685577392578125e+00 2.942625284194946289e+00 -2.895202636718750000e+00 2.933215379714965820e+00 1.517157793045043945e+00
1.978752136230468750e+01 -8.420510292053222656e+00 3.679987668991088867e+00 -7.157812595367431641e+00 -5.209738254547119141e+00 3.117060959339141846e-01 5.538209438323974609e+00 -3.199710130691528320e+00 1.529196947813034058e-01 -3.021834373474121094e+00
-1.729781389236450195e+00 2.265962839126586914e+00 1.824345016479492188e+01 2.759349107742309570e+00 -3.779740571975708008e+00 -8.710734367370605469e+00 -1.038359069824218750e+01 9.298612594604492188e+00 -2.005140781402587891e-01 -7.767794609069824219e+00
1.364290046691894531e+01 -6.564398765563964844e+00 4.131447792053222656e+00 -3.981422185897827148e+00 -8.289968490600585938e+00 2.889423847198486328e+00 2.681313514709472656e+00 2.635646343231201172e+00 1.797830224037170410e+00 -3.252185583114624023e+00
4.703470230102539062e+00 -9.544404029846191406e+00 -5.633277893066406250e+00 -8.290673255920410156e+00 1.669948101043701172e+00 4.038383960723876953e+00 2.235308265686035156e+01 -1.064052009582519531e+01 2.204665899276733398e+00 -2.179192304611206055e+00
-1.787021875381469727e+00 -9.806937575340270996e-01 3.102672398090362549e-01 8.598837852478027344e-01 -3.962205410003662109e+00 -1.746246337890625000e+00 -4.054445266723632812e+00 1.021695137023925781e+00 8.799527168273925781e+00 1.467638015747070312e+00
-8.809277534484863281e+00 -5.320514678955078125e+00 -3.161120414733886719e+00 3.009352684020996094e+00 7.843102931976318359e+00 -5.167098045349121094e+00 -1.226297092437744141e+01 1.006331562995910645e+00 6.958358764648437500e+00 1.805740547180175781e+01
-9.869131088256835938e+00 -5.170591831207275391e+00 -6.009919047355651855e-01 2.465639114379882812e+01 -9.254626274108886719e+00 6.602732181549072266e+00 -1.552751159667968750e+01 -2.016413688659667969e+00 8.155570983886718750e+00 1.027610301971435547e+01
-3.338180780410766602e-01 -7.806207180023193359e+00 -1.695801258087158203e+00 4.446414947509765625e+00 1.661202549934387207e+00 -4.106931686401367188e+00 -5.948744297027587891e+00 4.377922117710113525e-01 2.121828794479370117e+00 1.447153186798095703e+01
5.928418636322021484e-01 -7.974967479705810547e+00 -1.938685894012451172e+00 1.326065897941589355e+00 3.224493265151977539e+00 -3.650466203689575195e+00 -4.000581264495849609e+00 3.175660371780395508e-01 7.564188241958618164e-01 1.271182441711425781e+01
1.990076303482055664e-01 -3.469184875488281250e+00 -5.574645102024078369e-02 3.198515415191650391e+00 -5.585606098175048828e+00 7.689754962921142578e+00 1.384554147720336914e+00 2.862421989440917969e+00 3.466761827468872070e+00 -3.174308538436889648e+00
5.824146747589111328e+00 -3.695062398910522461e-01 5.818223953247070312e+00 -3.225499629974365234e+00 -8.708197474479675293e-01 -1.543832659721374512e+00 -3.744935989379882812e+00 3.589015722274780273e+00 -3.317383766174316406e+00 -1.001418232917785645e+00
-3.584965467453002930e+00 -1.053633785247802734e+01 -4.965794086456298828e+00 7.498112320899963379e-01 3.286755800247192383e+00 1.914631575345993042e-01 -5.259634017944335938e+00 1.273928761482238770e+00 3.160938262939453125e+00 1.604377365112304688e+01
-6.327471733093261719e-01 1.234585523605346680e+00 1.359101009368896484e+01 -1.161323264241218567e-01 7.849190235137939453e-01 -4.579974651336669922e+00 -5.062961578369140625e+00 1.212639093399047852e+00 -1.167781829833984375e+00 -6.542904376983642578e+00
-3.740560054779052734e+00 4.279448986053466797e+00 1.904913902282714844e+01 -9.408146739006042480e-01 5.953666567802429199e-02 -6.666364669799804688e+00 -9.376928329467773438e+00 6.508878707885742188e+00 -2.759108304977416992e+00 -6.761427879333496094e+00
-5.421384334564208984e+00 2.385749340057373047e+00 6.746156215667724609e-01 5.602464079856872559e-01 9.881715774536132812e-01 -3.307832241058349609e+00 -1.273171138763427734e+01 1.786917877197265625e+01 -4.235845565795898438e+00 5.497068881988525391e+00
-2.035500526428222656e+00 -1.027247524261474609e+01 -9.810465574264526367e-01 -2.474714070558547974e-01 4.090301990509033203e+00 -6.325785517692565918e-01 -8.653056144714355469e+00 4.495810031890869141e+00 1.504643440246582031e+00 1.359816265106201172e+01
