-1.617989420890808105e+00 -5.951226353645324707e-01 3.375290393829345703e+00 -1.761110305786132812e+00 -2.739604711532592773e+00 -1.811199545860290527e+00 -8.264205932617187500e+00 1.164120388031005859e+01 1.940990567207336426e+00 -7.256194949150085449e-01
1.883829116821289062e+00 3.373113870620727539e+00 2.215091323852539062e+01 5.002173423767089844e+00 -7.303297996520996094e+00 -1.052793216705322266e+01 -7.958584785461425781e+00 6.087542533874511719e+00 1.540318489074707031e+00 -1.145791053771972656e+01
1.275903129577636719e+01 -9.189864158630371094e+00 -5.553845167160034180e-01 -6.243710994720458984e+00 -7.134197950363159180e-01 1.775026202201843262e+00 5.286375999450683594e+00 -4.229185104370117188e+00 1.258141756057739258e+00 2.318166971206665039e+00
-9.500024795532226562e+00 -6.451193809509277344e+00 -9.214071273803710938e+00 7.043578147888183594e+00 -9.824730873107910156e+00 2.250755310058593750e+01 1.594531655311584473e+00 -7.018508911132812500e+00 5.043656349182128906e+00 1.000435161590576172e+01
-7.653287887573242188e+00 -1.635266304016113281e+00 -2.250214338302612305e+00 2.515594100952148438e+01 -8.862371444702148438e+00 5.271917819976806641e+00 -9.692705154418945312e+00 -1.825466752052307129e+00 6.263134956359863281e+00 5.401870727539062500e+00
-5.571394920349121094e+00 1.248394250869750977e+00 1.139873027801513672e+00 4.546776771545410156e+00 -2.064732789993286133e+00 -1.947243452072143555e+00 -1.279380607604980469e+01 1.696471786499023438e+01 -3.605122089385986328e+00 7.563030242919921875e+00
-5.371259689331054688e+00 2.858544826507568359e+00 1.418600654602050781e+01 7.786790370941162109e+00 -8.558821678161621094e+00 -3.858629941940307617e+00 -7.086836338043212891e+00 -1.683818697929382324e-01 8.542910575866699219e+00 -8.541067123413085938e+00
-9.911799430847167969e+00 -1.303229570388793945e+00 -1.138845562934875488e+00 2.179340362548828125e+01 -7.308022022247314453e+00 1.111765003204345703e+01 -1.266921329498291016e+01 -4.855981826782226562e+00 4.156536102294921875e+00 8.222925186157226562e+00
-8.338663101196289062e+00 -7.045761585235595703e+00 -3.177621841430664062e+00 5.535691738128662109e+00 4.917224884033203125e+00 1.036593079566955566e+00 -1.110972595214843750e+01 3.618870377540588379e-01 2.215000629425048828e+00 1.972948837280273438e+01
4.870182573795318604e-01 -2.432027101516723633e+00 1.328930854797363281e+01 2.318038702011108398e+00 -1.036306977272033691e+00 -5.839470863342285156e+00 -4.335341930389404297e+00 -1.092479586601257324e+00 2.915186405181884766e+00 -6.180338859558105469e+00
3.188132286071777344e+00 -8.945053100585937500e+00 -4.176060199737548828e+00 -1.430931687355041504e+00 -3.735918045043945312e+00 5.781860828399658203e+00 1.683885192871093750e+01 -1.197274208068847656e+01 8.775036811828613281e+00 -3.343881368637084961e+00
2.508042156696319580e-01 -6.100397109985351562e+00 -9.757683873176574707e-01 -4.156979084014892578e+00 1.181956672668457031e+01 -4.090791225433349609e+00 5.064610838890075684e-01 -2.755841732025146484e+00 -1.033512592315673828e+00 2.413773059844970703e+00
-1.007867717742919922e+01 -5.909597396850585938e+00 -8.033769607543945312e+00 5.605002403259277344e+00 -7.665891647338867188e+00 1.987736511230468750e+01 3.828207731246948242e+00 -9.851988792419433594e+00 6.517522335052490234e+00 7.302443981170654297e+00
-4.767823219299316406e+00 -3.617313385009765625e+00 -2.131700992584228516e+00 5.870379209518432617e-01 7.334748744964599609e+00 -2.261872768402099609e+00 -8.929446220397949219e+00 2.994437217712402344e+00 -1.542953968048095703e+00 1.730085563659667969e+01
-6.585041522979736328e+00 -2.984472215175628662e-01 -1.925792396068572998e-01 2.730860900878906250e+01 -1.243439197540283203e+01 6.452447891235351562e+00 -1.162344455718994141e+01 -2.626393079757690430e+00 5.664171218872070312e+00 4.666059494018554688e+00
-2.041982412338256836e+00 1.389923095703125000e+01 -6.324052810668945312e-04 -3.934167623519897461e+00 2.075509727001190186e-01 -2.534981966018676758e+00 -1.442239642143249512e+00 9.473895430564880371e-01 1.356416344642639160e+00 -4.757588386535644531e+00
-8.853672027587890625e+00 -7.437543392181396484e+00 -1.030176067352294922e+01 4.715917110443115234e+00 -7.788568496704101562e+00 2.340732574462890625e+01 3.425238609313964844e+00 -1.110080528259277344e+01 7.723242282867431641e+00 7.855665206909179688e+00
-7.534016609191894531e+00 -1.547967910766601562e+00 -4.463144779205322266e+00 -5.014461517333984375e+00 1.604142189025878906e+01 -3.706096172332763672e+00 -1.922271698713302612e-01 -9.690650105476379395e-01 1.419968485832214355e+00 3.898897409439086914e+00
1.983476066589355469e+01 -7.678491592407226562e+00 3.942572593688964844e+00 -7.091756820678710938e+00 -5.398531913757324219e+00 -8.423256278038024902e-01 3.379101753234863281e+00 -2.028684377670288086e+00 -1.538906991481781006e-01 -2.373039722442626953e+00
-6.362913846969604492e-01 1.323369026184082031e+01 3.216617554426193237e-02 -4.483581066131591797e+00 1.526904582977294922e+00 -5.283803462982177734e+00 -5.715292930603027344e+00 2.522854089736938477e+00 1.541816353797912598e+00 -5.112798213958740234e-01
-2.991004705429077148e+00 1.007227706909179688e+01 1.847876906394958496e+00 -3.903703927993774414e+00 -1.252172049134969711e-02 -1.499088764190673828e+00 5.673138797283172607e-02 8.523896336555480957e-03 -3.673852682113647461e-01 -2.652222633361816406e+00
-5.516272068023681641e+00 1.337309551239013672e+01 -6.182320117950439453e-01 -5.117180347442626953e+00 2.435402631759643555e+00 -2.958790302276611328e+00 -1.878878116607666016e+00 1.669140696525573730e+00 -1.125180199742317200e-01 -8.378815650939941406e-01
-2.399216741323471069e-01 8.135064840316772461e-01 1.456772518157958984e+01 6.037559509277343750e+00 -6.108478546142578125e+00 -8.207835197448730469e+00 -7.036911487579345703e+00 4.941282272338867188e+00 3.510113477706909180e+00 -6.445413112640380859e+00
1.487091481685638428e-01 -6.369040012359619141e+00 -3.173351883888244629e-01 -5.577440261840820312e+00 7.943933010101318359e-01 4.498934268951416016e+00 1.970552635192871094e+01 -1.281570339202880859e+01 4.764495372772216797e+00 -5.389441013336181641e+00
-5.799602031707763672e+00 -6.814230918884277344e+00 -5.346294879913330078e+00 2.776407480239868164e+00 2.591036558151245117e+00 -1.557182431221008301e+00 -7.088288307189941406e+00 -1.519132256507873535e-01 5.708169460296630859e+00 1.772519874572753906e+01
-4.737918853759765625e+00 -1.433690786361694336e+00 -1.184774279594421387e+00 1.388307285308837891e+01 -4.948956012725830078e+00 8.028548240661621094e+00 -7.817059993743896484e+00 -2.586035013198852539e+00 2.618963956832885742e+00 5.214727878570556641e+00
-6.073667526245117188e+00 5.117669582366943359e+00 2.173552513122558594e+01 -1.913731694221496582e+00 1.436982750892639160e+00 -7.272134304046630859e+00 -1.033859348297119141e+01 2.302568435668945312e+00 -7.270572185516357422e-01 -7.047075748443603516e+00
-4.081927299499511719e+00 -5.707510471343994141e+00 -2.235987901687622070e+00 2.979991585016250610e-02 4.157900810241699219e+00 4.209728240966796875e+00 -7.771059989929199219e+00 3.612244606018066406e+00 -2.800827980041503906e+00 1.415408134460449219e+01
-4.900494098663330078e+00 2.063945293426513672e+00 1.554683446884155273e-01 1.587800025939941406e+01 -7.657649517059326172e+00 8.933944702148437500e+00 -9.037285804748535156e+00 3.094483137130737305e+00 -1.722462296485900879e+00 1.790214300155639648e+00
-3.111704826354980469e+00 -1.012034034729003906e+01 -2.331742048263549805e+00 -4.188446998596191406e+00 1.782766723632812500e+01 -3.761873722076416016e+00 -4.242413520812988281e+00 1.832872271537780762e+00 1.528216004371643066e-01 4.599649429321289062e+00
8.369196057319641113e-01 -4.580673217773437500e+00 1.937539935111999512e+00 6.229189872741699219e+00 -2.221521139144897461e+00 3.280203819274902344e+00 -3.985006093978881836e+00 -2.087153434753417969e+00 -8.018643856048583984e-01 7.006253719329833984e+00
-4.764270305633544922e+00 -2.105581283569335938e+00 -1.958758354187011719e+00 1.246321773529052734e+01 -5.920827865600585938e+00 1.199707508087158203e+01 -3.945865392684936523e+00 -3.961680173873901367e+00 3.636202573776245117e+00 -2.064188957214355469e+00
-1.444918990135192871e+00 -9.909297943115234375e+00 -1.890286922454833984e+00 2.896792888641357422e+00 3.013569831848144531e+00 -2.561972141265869141e+00 -7.368708610534667969e+00 1.658410549163818359e+00 3.472376823425292969e+00 1.376037216186523438e+01
-6.599381923675537109e+00 -8.846573233604431152e-01 2.299338102340698242e+00 -6.111299037933349609e+00 1.709451103210449219e+01 -3.705966472625732422e+00 -1.795547008514404297e+00 -1.982216238975524902e+00 -1.454944849014282227e+00 -2.934096813201904297e+00
-4.669955253601074219e+00 4.394592761993408203e+00 3.858108043670654297e+00 5.959844589233398438e+00 -4.292475223541259766e+00 -7.982594013214111328e+00 -1.451356124877929688e+01 1.777755546569824219e+01 1.210146069526672363e+00 3.200503587722778320e+00
7.187375545501708984e+00 -3.467615842819213867e+00 -3.509629249572753906e+00 -8.929583549499511719e+00 -4.260192394256591797e+00 8.405233383178710938e+00 1.396305084228515625e+01 -8.758702278137207031e+00 2.774052619934082031e+00 -1.817149996757507324e+00
1.713116264343261719e+01 -5.988034248352050781e+00 7.734051704406738281e+00 -4.853926181793212891e+00 -2.664739847183227539e+00 -4.216505527496337891e+00 5.215053558349609375e-01 -3.562046051025390625e+00 -9.885475039482116699e-01 -3.650233268737792969e+00
-1.085445761680603027e+00 -7.255377173423767090e-01 1.493232727050781250e+01 -9.591436982154846191e-01 2.950975656509399414e+00 -4.738708019256591797e+00 -8.105824470520019531e+00 3.601977825164794922e+00 -3.078995943069458008e+00 -4.527001857757568359e+00
-1.115678501129150391e+01 -4.761025905609130859e+00 -1.023540401458740234e+01 4.070981502532958984e+00 -8.422915458679199219e+00 2.300689697265625000e+01 2.382175207138061523e+00 -1.024337005615234375e+01 8.912397384643554688e+00 7.968420982360839844e+00
-4.751870632171630859e+00 -4.195472240447998047e+00 -3.239514827728271484e-01 2.785679817199707031e+00 -2.623868942260742188e+00 -5.916494369506835938e+00 -6.346405029296875000e+00 -2.191336154937744141e+00 1.851765441894531250e+01 3.962776184082031250e+00
-1.215293407440185547e+00 2.580145120620727539e+00 5.803905487060546875e+00 5.709294795989990234e+00 -5.680382251739501953e+00 -7.465651988983154297e+00 -1.285401248931884766e+01 1.505254936218261719e+01 -3.272142410278320312e-01 2.509032726287841797e+00
-4.404038906097412109e+00 1.921073436737060547e+00 4.046022415161132812e+00 6.574979305267333984e+00 -4.495317935943603516e+00 -7.673169136047363281e+00 -1.310432815551757812e+01 1.521926403045654297e+01 4.069301605224609375e+00 2.983542203903198242e+00
4.390762805938720703e+00 -1.163741397857666016e+01 -1.642171263694763184e+00 1.972181797027587891e+00 -7.232067584991455078e+00 2.172756195068359375e+00 5.006339073181152344e+00 -8.376384735107421875e+00 1.277176475524902344e+01 3.554577350616455078e+00
-5.247215032577514648e-01 -7.483223438262939453e+00 -2.975445985794067383e+00 -4.991918563842773438e+00 1.453419327735900879e-01 5.744009971618652344e+00 2.231957817077636719e+01 -1.381945705413818359e+01 5.463126182556152344e+00 -3.770794153213500977e+00
1.775539779663085938e+01 -7.572204589843750000e+00 2.428214550018310547e+00 -5.873123168945312500e+00 -7.100236415863037109e+00 2.253684520721435547e+00 3.068580389022827148e+00 1.744840741157531738e+00 4.427904486656188965e-01 -2.717700481414794922e+00
5.143461823463439941e-01 -5.377314686775207520e-01 2.019048929214477539e+00 1.480498909950256348e+00 -3.791961669921875000e+00 5.235616683959960938e+00 -6.740590095520019531e+00 8.033086776733398438e+00 -4.470013618469238281e+00 3.515637636184692383e+00
-4.949327468872070312e+00 1.585097312927246094e+00 1.713606452941894531e+01 3.534497022628784180e+00 -3.904151201248168945e+00 -5.889870166778564453e+00 -9.580448150634765625e+00 3.646011829376220703e+00 3.122981309890747070e+00 -5.038909912109375000e+00
-8.185470581054687500e+00 -2.874251604080200195e-01 -3.641431331634521484e+00 5.885984897613525391e+00 -4.772541046142578125e+00 2.581098318099975586e+00 -2.105289459228515625e+00 -8.484259605407714844e+00 1.891741371154785156e+01 9.579626321792602539e-01
-1.547838449478149414e+00 -6.290484905242919922e+00 -2.647472381591796875e+00 1.302147626876831055e+00 4.315690994262695312e+00 -1.238785862922668457e+00 -3.890735864639282227e+00 -9.301859736442565918e-01 -6.740040332078933716e-02 1.269676971435546875e+01
-8.365112304687500000e+00 1.172102832794189453e+01 4.375796616077423096e-01 -3.471594333648681641e+00 2.653078079223632812e+00 -2.365354299545288086e+00 -2.232151269912719727e+00 2.382051348686218262e-01 1.916690230369567871e+00 -9.055196046829223633e-01
-4.818975448608398438e+00 -1.455424308776855469e+00 5.383262038230895996e-01 2.238343429565429688e+01 -7.376701354980468750e+00 2.209784984588623047e+00 -9.170044898986816406e+00 4.827176034450531006e-01 5.913578033447265625e+00 -9.991906285285949707e-01
4.032942295074462891e+00 1.387812852859497070e+00 1.374122238159179688e+01 2.080712914466857910e-01 -1.194858193397521973e+00 -3.135710477828979492e+00 -7.914606094360351562e+00 4.438171863555908203e+00 -6.516969203948974609e+00 -6.400794386863708496e-01
-5.092679977416992188e+00 -1.554862737655639648e+00 -1.816405177116394043e+00 1.801952743530273438e+01 -8.817518234252929688e+00 1.072810173034667969e+01 -9.396579742431640625e+00 -5.427479743957519531e+00 3.846695184707641602e+00 7.389866828918457031e+00
-9.997075080871582031e+00 -1.650525331497192383e+00 -6.861662864685058594e+00 3.897657155990600586e+00 -5.075047016143798828e+00 1.605721092224121094e+01 1.867036342620849609e+00 -8.666182518005371094e+00 5.601932525634765625e+00 6.846223831176757812e+00
1.102434992790222168e+00 -9.937569618225097656e+00 -4.935724735260009766e-01 3.271097660064697266e+00 2.148245096206665039e+00 -4.323872089385986328e+00 -8.454698562622070312e+00 2.953692674636840820e+00 2.067596197128295898e+00 1.426168823242187500e+01
1.080670595169067383e+00 4.965254068374633789e-01 2.252388381958007812e+01 -7.923145294189453125e-01 2.222847700119018555e+00 -9.313126564025878906e+00 -9.366831779479980469e+00 3.774746417999267578e+00 -2.598691940307617188e+00 -9.475313186645507812e+00
4.542990684509277344e+00 -4.396025657653808594e+00 1.987786293029785156e+01 -1.341214776039123535e+00 1.122584939002990723e+00 -6.690128803253173828e+00 -6.238986968994140625e+00 -1.989423632621765137e-01 -2.584905862808227539e+00 -3.819179773330688477e+00
-3.194717645645141602e+00 -8.843570351600646973e-01 7.186783105134963989e-02 4.064141213893890381e-01 -1.859429106116294861e-02 -8.413399457931518555e-01 -1.107299804687500000e+01 1.731715202331542969e+01 -5.187368869781494141e+00 6.969476222991943359e+00
-7.547067165374755859e+00 1.226886653900146484e+01 1.381692886352539062e+00 -7.230500221252441406e+00 2.374161958694458008e+00 -7.853003740310668945e-01 7.593381404876708984e-01 -1.903257727622985840e+00 2.018877267837524414e+00 -1.820661664009094238e+00
-5.296209335327148438e+00 -3.499076366424560547e+00 9.915217757225036621e-03 7.301681995391845703e+00 -3.751502990722656250e+00 -8.758015036582946777e-01 -4.217832088470458984e+00 -6.928114891052246094e-01 1.406750774383544922e+01 -1.496032238006591797e+00
1.701908558607101440e-01 -2.919316768646240234e+00 -2.728655815124511719e+00 -7.992096424102783203e+00 -3.797021865844726562e+00 9.297963142395019531e+00 1.585224342346191406e+01 -1.094064235687255859e+01 6.407862186431884766e+00 -2.962909460067749023e+00
-4.533281803131103516e+00 1.206207722425460815e-01 6.814641356468200684e-01 1.864440155029296875e+01 -1.050348663330078125e+01 8.428740501403808594e+00 -6.968137264251708984e+00 -2.679490327835083008e+00 2.765305757522583008e+00 3.442946434020996094e+00
1.576354503631591797e+00 1.254031658172607422e+00 1.322394466400146484e+01 2.265206813812255859e+00 -3.675697088241577148e+00 -4.366746425628662109e+00 -5.431943893432617188e+00 5.445789813995361328e+00 -3.330965995788574219e+00 -2.742067337036132812e+00
-4.532012462615966797e+00 -9.508676528930664062e+00 -4.116766452789306641e+00 1.472147107124328613e+00 6.022942066192626953e+00 -1.794642567634582520e+00 -8.286882400512695312e+00 2.866644144058227539e+00 2.392633676528930664e+00 1.797921752929687500e+01
-1.778768301010131836e+00 1.293945407867431641e+01 2.956410884857177734e+00 -1.421090602874755859e+00 -2.895794212818145752e-01 -5.353376865386962891e+00 -3.687784671783447266e+00 2.083448886871337891e+00 1.170199990272521973e+00 -4.131764888763427734e+00
-7.628573894500732422e+00 -1.361248731613159180e+00 -5.285893440246582031e+00 -6.555257797241210938e+00 1.565840339660644531e+01 -2.944456338882446289e-01 -8.960153460502624512e-01 -1.603728830814361572e-01 3.313269615173339844e-01 4.281707286834716797e+00
-6.886850595474243164e-01 3.267589807510375977e-01 1.782021522521972656e+01 4.713376164436340332e-01 -1.640268087387084961e+00 -6.106943130493164062e+00 -6.475374698638916016e+00 3.201730012893676758e+00 -1.238969802856445312e+00 -6.018122196197509766e+00
-6.371561527252197266e+00 -3.073936223983764648e+00 -2.026856243610382080e-01 -5.200098991394042969e+00 1.665277481079101562e+01 -4.176532268524169922e+00 -5.855599045753479004e-01 9.206880331039428711e-01 3.281813263893127441e-01 -2.192925691604614258e+00
-9.118750572204589844e+00 9.990996122360229492e-01 1.392667651176452637e+00 2.398853302001953125e+01 -6.981847763061523438e+00 5.182468891143798828e+00 -1.163617038726806641e+01 -2.457621335983276367e+00 4.067725658416748047e+00 2.725113153457641602e+00
-8.801446914672851562e+00 -4.220705986022949219e+00 -8.054273605346679688e+00 2.368374586105346680e+00 -6.335728645324707031e+00 2.056108856201171875e+01 2.181310415267944336e+00 -8.081521987915039062e+00 5.620158195495605469e+00 6.485622406005859375e+00
-8.724659919738769531e+00 1.270149946212768555e+00 8.392031788825988770e-01 2.337846183776855469e+01 -5.358267784118652344e+00 4.472071170806884766e+00 -1.262444877624511719e+01 -3.305562019348144531e+00 6.530384540557861328e+00 2.788088321685791016e+00
-6.927267551422119141e+00 1.616880416870117188e+01 -4.004206657409667969e+00 -9.320247650146484375e+00 4.827845573425292969e+00 -1.689580082893371582e+00 -1.111514687538146973e+00 3.584478616714477539e+00 -6.785525679588317871e-01 -2.781758069992065430e+00
-5.207646846771240234e+00 -5.192806243896484375e+00 -2.555364966392517090e-01 -7.764068603515625000e+00 1.759054946899414062e+01 -4.507225751876831055e-01 -5.981126785278320312e+00 1.830345392227172852e+00 -3.700095891952514648e+00 6.428893089294433594e+00
-1.026362657546997070e+00 -4.499455451965332031e+00 7.718681097030639648e-01 1.149598836898803711e+00 4.250189781188964844e+00 -1.766805171966552734e+00 -6.274296760559082031e+00 -8.596397936344146729e-03 -1.039613962173461914e+00 1.063938617706298828e+01
9.472723007202148438e+00 -4.185750484466552734e+00 4.563230037689208984e+00 -3.739815235137939453e+00 -4.910822391510009766e+00 3.475332260131835938e-01 -6.452233195304870605e-01 2.196607828140258789e+00 -3.580980598926544189e-01 3.085501194000244141e-01
-5.479559421539306641e+00 1.995979309082031250e+00 3.316493034362792969e+00 5.530082702636718750e+00 -2.616398334503173828e+00 -5.433381557464599609e+00 -1.579747962951660156e+01 1.958384704589843750e+01 -2.881639480590820312e+00 6.321002483367919922e+00
-4.850933551788330078e+00 -5.417243480682373047e+00 -1.836534976959228516e+00 -5.516013622283935547e+00 1.732066726684570312e+01 -1.717757225036621094e+00 -3.956656455993652344e+00 -4.095776677131652832e-01 -8.899895548820495605e-01 4.993844032287597656e+00
-5.142573356628417969e+00 -4.180509448051452637e-01 7.807682156562805176e-01 2.395644569396972656e+01 -1.108158016204833984e+01 2.366413354873657227e+00 -1.235227203369140625e+01 -1.681165337562561035e+00 4.724036693572998047e+00 9.992921829223632812e+00
-4.198242187500000000e+00 -1.109783267974853516e+01 -3.407674551010131836e+00 1.592849969863891602e+00 4.704704761505126953e+00 -9.593443274497985840e-01 -9.055341720581054688e+00 4.017321586608886719e+00 3.226058483123779297e+00 1.763790512084960938e+01
-7.086997509002685547e+00 1.069954490661621094e+01 -1.017182707786560059e+00 -5.742393970489501953e+00 3.574334859848022461e+00 -1.137590646743774414e+00 -4.939280748367309570e-01 -4.258351325988769531e-01 1.147733688354492188e+00 9.021603316068649292e-02
-3.072116374969482422e+00 6.888184547424316406e+00 1.777150917053222656e+01 7.637714862823486328e+00 -6.752644538879394531e+00 -8.368706703186035156e+00 -1.042597484588623047e+01 5.492252826690673828e+00 3.885700225830078125e+00 -9.170607566833496094e+00
-2.235958337783813477e+00 -5.154064178466796875e+00 -3.117592334747314453e+00 -5.248879432678222656e+00 1.528102684020996094e+01 -3.861096143722534180e+00 -2.537105046212673187e-02 3.535537421703338623e-01 -2.275240659713745117e+00 1.379770517349243164e+00
3.534630239009857178e-01 -8.592681884765625000e+00 5.505528926849365234e+00 4.103773117065429688e+00 -8.492388725280761719e+00 -4.130242347717285156e+00 -2.891010046005249023e+00 -4.349616527557373047e+00 2.013708877563476562e+01 -2.106732606887817383e+00
-6.611356735229492188e+00 1.544626522064208984e+01 -2.915936946868896484e+00 -8.299386978149414062e+00 5.595330715179443359e+00 -1.896304726600646973e+00 -1.125267073512077332e-01 1.468908190727233887e+00 -1.583509564399719238e+00 -2.649777173995971680e+00
-7.392132759094238281e+00 -4.652224779129028320e-01 -2.474772214889526367e+00 5.008130073547363281e+00 3.698160350322723389e-01 7.961676597595214844e+00 1.902840256690979004e+00 -7.446455001831054688e+00 1.871153116226196289e+00 1.443070530891418457e+00
4.970287382602691650e-01 -6.213133811950683594e+00 -1.070855736732482910e+00 -4.741224765777587891e+00 1.515615940093994141e+01 -3.893384695053100586e+00 2.172435998916625977e+00 -1.912734627723693848e+00 -3.360323667526245117e+00 -3.501357316970825195e+00
1.617194747924804688e+01 -1.091747760772705078e+01 2.009816169738769531e+00 -6.704063892364501953e+00 -3.552571237087249756e-01 -1.039863228797912598e+00 2.211870908737182617e+00 -1.984463572502136230e+00 -2.957317531108856201e-01 1.383085370063781738e+00
1.508502960205078125e-01 -8.444661498069763184e-01 3.363757133483886719e+00 8.655957579612731934e-01 -4.405691623687744141e+00 -1.039602875709533691e+00 -8.828702926635742188e+00 1.279101371765136719e+01 -2.488564252853393555e+00 3.654579162597656250e+00
-3.281768798828125000e+00 1.129564666748046875e+01 5.840046405792236328e-01 -5.032539367675781250e+00 2.095364570617675781e+00 -2.436515092849731445e+00 -1.285721898078918457e+00 1.940933227539062500e+00 -1.653521358966827393e-01 -3.730177402496337891e+00
-3.349950551986694336e+00 4.965250492095947266e+00 5.496463775634765625e+00 7.633523464202880859e+00 -5.334026813507080078e+00 -1.095144271850585938e+01 -1.526943492889404297e+01 1.615037727355957031e+01 3.327619075775146484e+00 1.934450387954711914e+00
1.796279716491699219e+01 -8.139175415039062500e+00 3.283766984939575195e+00 -8.162492752075195312e+00 -4.853506565093994141e+00 9.458081126213073730e-01 6.525337219238281250e+00 -3.627935886383056641e+00 -1.037568330764770508e+00 1.330359578132629395e-01
-8.038402557373046875e+00 -1.530462980270385742e+00 -2.097820758819580078e+00 2.676751136779785156e+01 -1.089394283294677734e+01 2.673504114151000977e+00 -1.227092361450195312e+01 -6.705172061920166016e-01 7.522275924682617188e+00 8.182795524597167969e+00
-5.256104096770286560e-02 -9.686441421508789062e+00 -1.146030068397521973e+00 6.450453758239746094e+00 -7.119849205017089844e+00 1.033252701163291931e-01 -1.360738724470138550e-01 -8.409270286560058594e+00 1.634269142150878906e+01 3.249948024749755859e+00
-2.685761690139770508e+00 1.545216274261474609e+01 1.899373173713684082e+00 -8.646556854248046875e+00 2.443347692489624023e+00 -1.993429660797119141e+00 3.134185075759887695e-01 -9.994245171546936035e-01 2.846321091055870056e-02 -5.586103439331054688e+00
-5.626830577850341797e+00 1.355175685882568359e+01 -4.134849011898040771e-01 -5.169081687927246094e+00 3.170904397964477539e+00 -3.718467712402343750e+00 -1.843084812164306641e+00 1.582854032516479492e+00 3.023269772529602051e-02 -1.321046710014343262e+00
-5.817435264587402344e+00 2.370552778244018555e+00 -2.330252408981323242e+00 -9.105702400207519531e+00 3.018475294113159180e+00 6.805571079254150391e+00 1.518385314941406250e+01 -9.134099006652832031e+00 1.930574178695678711e+00 -4.463623523712158203e+00
-7.534903049468994141e+00 -4.000410079956054688e+00 -4.321505069732666016e+00 2.985360145568847656e+00 3.560986280441284180e+00 -4.890335083007812500e+00 -1.023398590087890625e+01 2.799269437789916992e+00 8.512072563171386719e+00 1.558965206146240234e+01
-1.129481410980224609e+01 2.086676836013793945e+00 1.274887204170227051e+00 2.985750770568847656e+01 -1.344562149047851562e+01 5.547632694244384766e+00 -1.416570949554443359e+01 -1.381824016571044922e+00 7.065790176391601562e+00 3.681259870529174805e+00
-1.357201290130615234e+01 -2.016600370407104492e+00 -7.837493419647216797e+00 1.159322357177734375e+01 -1.225040721893310547e+01 2.690466117858886719e+01 1.679140567779541016e+00 -1.429485416412353516e+01 5.654069423675537109e+00 8.331749916076660156e+00
-5.041379928588867188e+00 -6.115831851959228516e+00 4.658987224102020264e-01 -4.527223110198974609e+00 1.513380622863769531e+01 2.209058523178100586e+00 -1.110963106155395508e+00 -1.654508113861083984e+00 -3.704417228698730469e+00 1.596534848213195801e-01
-1.234542560577392578e+01 -3.730138778686523438e+00 -1.132328510284423828e+01 8.967782020568847656e+00 -1.139137744903564453e+01 2.520201492309570312e+01 -1.044440507888793945e+00 -8.137748718261718750e+00 5.518298625946044922e+00 1.181630897521972656e+01
-3.086970806121826172e+00 1.412385177612304688e+01 -1.290715932846069336e+00 -5.971093654632568359e+00 1.530439853668212891e+00 -2.999743700027465820e+00 -2.117249727249145508e+00 1.550436496734619141e+00 7.645267248153686523e-01 -1.327012419700622559e+00
-4.803039550781250000e+00 1.406932544708251953e+01 -5.855429768562316895e-01 -7.082968235015869141e+00 1.716430306434631348e+00 -2.210871458053588867e+00 -1.016499042510986328e+00 1.810486316680908203e+00 -5.920866131782531738e-01 -1.153886079788208008e+00
3.002122640609741211e+00 -3.282535552978515625e+00 -1.495924592018127441e+00 -8.920062065124511719e+00 -4.769313633441925049e-01 6.117094516754150391e+00 1.413622951507568359e+01 -9.324367523193359375e+00 -2.430869042873382568e-01 6.007994413375854492e-01
-4.008561611175537109e+00 3.305996894836425781e+00 3.896893501281738281e+00 6.938572883605957031e+00 -3.869402885437011719e+00 -7.369334697723388672e+00 -1.477885723114013672e+01 1.786168098449707031e+01 3.161815702915191650e-01 3.078867197036743164e+00
-7.688173770904541016e+00 -6.901549339294433594e+00 -8.233337998390197754e-01 8.972084045410156250e+00 -8.812640190124511719e+00 4.408176422119140625e+00 -1.868014574050903320e+00 -6.996288299560546875e+00 2.264146995544433594e+01 -2.750006198883056641e+00
1.610606765747070312e+01 -6.849468231201171875e+00 3.313997507095336914e+00 -5.235905647277832031e+00 -3.367604255676269531e+00 -2.176553964614868164e+00 8.610351085662841797e-01 -2.523318052291870117e+00 -6.676701456308364868e-02 8.567224740982055664e-01
-1.152696490287780762e+00 6.661641597747802734e-01 4.793291091918945312e+00 7.574170231819152832e-01 -3.388779878616333008e+00 -4.539844512939453125e+00 -1.009658527374267578e+01 1.245116138458251953e+01 -2.140196859836578369e-01 1.861147284507751465e+00
-5.299163460731506348e-01 -4.949364185333251953e+00 -3.879788160324096680e+00 -3.905444145202636719e+00 1.641867518424987793e+00 2.887308835983276367e+00 1.632689857482910156e+01 -7.642884731292724609e+00 2.212979316711425781e+00 -2.584308862686157227e+00
-2.506739377975463867e+00 1.114973640441894531e+01 1.268527150154113770e+00 -4.579942703247070312e+00 7.816626429557800293e-01 -1.816175580024719238e+00 -6.035609841346740723e-01 1.317931532859802246e+00 -1.039801836013793945e+00 -3.045367479324340820e+00
-9.936943054199218750e+00 -2.032905817031860352e+00 -5.614006519317626953e+00 7.191592693328857422e+00 -6.676175117492675781e+00 1.810344123840332031e+01 1.283302903175354004e+00 -9.082792282104492188e+00 3.306556463241577148e+00 5.939630508422851562e+00
-1.292374229431152344e+01 -1.204512357711791992e+00 -7.350804805755615234e+00 2.823978614807128906e+01 -1.258310604095458984e+01 1.759086608886718750e+01 -1.100716209411621094e+01 -5.824231147766113281e+00 5.575079917907714844e+00 7.566509723663330078e+00
-2.997299909591674805e+00 4.217081665992736816e-01 1.273928356170654297e+01 1.844667315483093262e+00 -3.965836524963378906e+00 -5.122129440307617188e+00 -4.592642784118652344e+00 5.027392864227294922e+00 4.670771121978759766e+00 -8.617868423461914062e+00
-4.038983821868896484e+00 1.670092010498046875e+01 -3.529108762741088867e+00 -6.256151676177978516e+00 3.322326898574829102e+00 -4.242678165435791016e+00 -4.149250984191894531e+00 4.366882801055908203e+00 -8.575846552848815918e-01 -6.089282631874084473e-01
2.047182846069335938e+01 -8.168260574340820312e+00 4.955570697784423828e+00 -8.709895133972167969e+00 -3.815264225006103516e+00 9.976640343666076660e-02 2.364826202392578125e+00 -5.797157287597656250e-01 -3.037503480911254883e+00 -8.872246742248535156e-02
6.777626872062683105e-01 2.380128145217895508e+00 2.111509132385253906e+01 4.220942974090576172e+00 -6.475058555603027344e+00 -1.035233402252197266e+01 -7.470969200134277344e+00 2.230886936187744141e+00 6.492638111114501953e+00 -1.177075004577636719e+01
1.628186988830566406e+01 -7.261445522308349609e+00 2.959316253662109375e+00 -3.160782098770141602e+00 -4.478679656982421875e+00 -9.079372882843017578e-01 2.790203332901000977e+00 -3.575953960418701172e+00 3.077499151229858398e+00 -3.033534288406372070e+00
-5.061732292175292969e+00 6.419507503509521484e+00 1.703573799133300781e+01 1.282979607582092285e+00 -6.827185750007629395e-01 -6.854173183441162109e+00 -9.847382545471191406e+00 6.461584568023681641e+00 -1.739613771438598633e+00 -7.565071105957031250e+00
-6.056069374084472656e+00 -4.763393402099609375e-01 -1.235831260681152344e+00 2.066420173645019531e+01 -9.830474853515625000e+00 -3.220579862594604492e+00 -1.210938644409179688e+01 6.865592598915100098e-01 1.015236568450927734e+01 6.452749252319335938e+00
-5.542473316192626953e+00 2.351965665817260742e+00 1.791004061698913574e+00 2.129617929458618164e+00 -1.457781195640563965e+00 -3.633433580398559570e+00 -1.216723442077636719e+01 1.665574836730957031e+01 -2.054473638534545898e+00 5.882893085479736328e+00
-2.638132333755493164e+00 3.877144575119018555e+00 1.626771354675292969e+01 5.098978281021118164e-01 -5.875677466392517090e-01 -6.303622722625732422e+00 -9.398785591125488281e+00 4.501713752746582031e+00 -7.283522486686706543e-01 -5.594942569732666016e+00
-7.028132915496826172e+00 -2.264247655868530273e+00 7.374106645584106445e-01 1.598439979553222656e+01 -2.416241884231567383e+00 4.971200942993164062e+00 -5.691751480102539062e+00 9.632905721664428711e-01 4.027951717376708984e+00 -5.297565937042236328e+00
-7.913122177124023438e+00 -4.309783458709716797e+00 -2.712249517440795898e+00 3.703595161437988281e+00 -5.432616710662841797e+00 2.985208749771118164e+00 -5.682133436203002930e-01 -8.890282630920410156e+00 2.189584350585937500e+01 1.100885644555091858e-01
-7.989913940429687500e+00 -9.031956791877746582e-01 -3.274071216583251953e+00 -4.841819763183593750e+00 1.187529945373535156e+01 -5.222391128540039062e+00 3.919723033905029297e-01 3.303845167160034180e+00 3.307597160339355469e+00 1.657779216766357422e+00
-1.154061698913574219e+01 1.072478652000427246e+00 3.078455209732055664e+00 2.261730003356933594e+01 -3.799340724945068359e+00 7.906424045562744141e+00 -1.489576053619384766e+01 -5.501520633697509766e+00 6.420499801635742188e+00 1.330381035804748535e+00
-5.356326103210449219e+00 -7.329261302947998047e+00 -1.400038719177246094e+00 3.999670267105102539e+00 -7.155539035797119141e+00 1.140162944793701172e+01 9.262447357177734375e+00 -9.099914550781250000e+00 1.160586166381835938e+01 -4.131542682647705078e+00
-1.643815755844116211e+00 -6.960046291351318359e+00 5.509858131408691406e+00 5.872735977172851562e+00 -8.487396240234375000e+00 -3.752526521682739258e+00 -3.813286304473876953e+00 -6.097320556640625000e+00 2.312307929992675781e+01 -3.381709337234497070e+00
-2.710672855377197266e+00 -4.579091548919677734e+00 -3.678052425384521484e+00 -6.944568753242492676e-01 5.911049365997314453e+00 -1.149538636207580566e+00 -7.909338951110839844e+00 1.626353621482849121e+00 -1.291237711906433105e+00 1.807093048095703125e+01
