9.799504280090332031e-01 -7.223041057586669922e+00 3.539734601974487305e+00 -3.343685388565063477e+00 -2.641584634780883789e+00 4.073489189147949219e+00 6.124722003936767578e+00 -5.725924015045166016e+00 8.873435020446777344e+00 -2.900753915309906006e-01
5.608142375946044922e+00 -5.504638671875000000e+00 -1.969815135002136230e+00 -2.059208631515502930e+00 -3.829166889190673828e-01 9.807406663894653320e-01 -1.525272130966186523e+00 3.335613012313842773e+00 -5.252100825309753418e-01 6.021776676177978516e+00
5.516734123229980469e+00 -3.132030963897705078e+00 -4.827787578105926514e-01 1.530429363250732422e+00 -5.538713932037353516e+00 5.669751167297363281e+00 1.472077846527099609e+01 -1.014299678802490234e+01 5.030246257781982422e+00 -7.985908031463623047e+00
-6.404695510864257812e+00 -8.444185256958007812e+00 -3.648622035980224609e+00 -1.430181026458740234e+00 1.947441816329956055e+00 4.623003482818603516e+00 1.534343957901000977e-01 -2.560484409332275391e+00 1.448362731933593750e+01 7.254796504974365234e+00
-3.889971971511840820e+00 -2.420661211013793945e+00 -2.541278123855590820e+00 8.691496849060058594e+00 -8.128824234008789062e+00 1.288632202148437500e+01 -5.330708026885986328e+00 -3.749532401561737061e-01 1.342012524604797363e+00 4.779078960418701172e+00
6.045644283294677734e+00 -1.873093223571777344e+01 7.635756731033325195e-01 -9.353673934936523438e+00 2.496001958847045898e+00 -2.657146453857421875e+00 1.932225036621093750e+01 4.892911314964294434e-01 1.600031018257141113e+00 -2.794263124465942383e+00
-5.959436416625976562e+00 1.025440788269042969e+01 1.824268531799316406e+01 1.066073608398437500e+01 -1.575224685668945312e+01 -6.119259834289550781e+00 -1.403617382049560547e+01 3.944400310516357422e+00 7.898237705230712891e+00 -1.601625204086303711e+00
-2.554475545883178711e+00 -1.371880412101745605e+00 5.420828819274902344e+00 9.153580665588378906e+00 -6.859093666076660156e+00 2.035354375839233398e+00 -1.008446812629699707e+00 1.125651121139526367e+00 9.113845825195312500e+00 -7.292582988739013672e+00
-3.888130664825439453e+00 -2.426121473312377930e+00 3.214912414550781250e-01 2.369939804077148438e+01 -1.377412796020507812e+01 8.032910346984863281e+00 -1.664665794372558594e+01 -6.844888210296630859e+00 8.822476387023925781e+00 8.734166145324707031e+00
1.978311157226562500e+01 -8.645462989807128906e+00 1.829456090927124023e+00 -9.291793823242187500e+00 -4.931979477405548096e-01 -5.484420776367187500e+00 5.045849800109863281e+00 2.649561166763305664e+00 -7.791978836059570312e+00 3.177824735641479492e+00
-1.652222394943237305e+00 1.202132463455200195e+00 5.105226993560791016e+00 1.509541511535644531e+01 -7.041624069213867188e+00 2.061926603317260742e+00 -1.520474433898925781e+01 -5.294923305511474609e+00 7.366908073425292969e+00 2.788904428482055664e+00
-6.023174524307250977e-01 -1.439005088806152344e+01 -3.813658714294433594e+00 -8.365267753601074219e+00 1.901072120666503906e+01 -1.597513556480407715e+00 -4.148741364479064941e-01 5.301355838775634766e+00 3.268232583999633789e+00 8.893384933471679688e+00
1.230978727340698242e+00 -5.334237575531005859e+00 -1.532718420028686523e+00 3.477586030960083008e+00 -2.725112199783325195e+00 -1.193978428840637207e+00 -2.947903156280517578e+00 -4.358766555786132812e+00 1.277432441711425781e+01 6.838606357574462891e+00
2.519736766815185547e+00 3.334243535995483398e+00 1.666986846923828125e+01 5.566138267517089844e+00 -1.394472980499267578e+01 -3.335206270217895508e+00 -3.278423309326171875e+00 1.240904688835144043e+00 -1.123428583145141602e+00 -4.230552673339843750e+00
2.002098798751831055e+00 -2.046083211898803711e+00 1.429240822792053223e+00 7.709064960479736328e+00 -6.288486957550048828e+00 5.541235446929931641e+00 -7.699459552764892578e+00 -3.855247735977172852e+00 1.635166645050048828e+00 4.986264228820800781e+00
2.443365335464477539e+00 -9.010275840759277344e+00 -1.386583566665649414e+00 -5.956352710723876953e+00 1.537867069244384766e+01 -6.824042320251464844e+00 -4.569148719310760498e-01 2.500619888305664062e+00 -1.505822539329528809e-01 8.041089057922363281e+00
-4.490991592407226562e+00 2.511049985885620117e+00 1.816861724853515625e+01 3.290255546569824219e+00 -3.311749935150146484e+00 -2.183233737945556641e+00 -3.572971105575561523e+00 -9.349130392074584961e-01 6.707569956779479980e-01 -7.163182735443115234e+00
-2.978434562683105469e+00 -3.115161657333374023e+00 4.760134220123291016e+00 2.690313577651977539e+00 -4.369759559631347656e+00 -2.191028445959091187e-01 -1.310570955276489258e+00 -3.481523275375366211e+00 1.632845687866210938e+01 3.051891326904296875e+00
-2.905972480773925781e+00 4.147749423980712891e+00 -6.878990173339843750e+00 2.441704034805297852e+00 4.908953666687011719e+00 -2.930381059646606445e+00 -7.197207450866699219e+00 6.677962541580200195e-01 1.960344791412353516e+00 1.101155376434326172e+01
-4.669155597686767578e+00 -7.378764629364013672e+00 1.661454796791076660e+00 1.735632419586181641e+00 3.363950550556182861e-01 5.129339218139648438e+00 5.046105861663818359e+00 -7.410407066345214844e+00 1.311594009399414062e+01 -5.353401660919189453e+00
-3.465561628341674805e+00 -1.888535261154174805e+00 -2.483085155487060547e+00 2.420891284942626953e+00 5.928189754486083984e+00 -3.206731319427490234e+00 -9.663820266723632812e+00 6.875737667083740234e+00 3.614947080612182617e+00 1.332343673706054688e+01
2.193318128585815430e+00 -8.587958335876464844e+00 1.316882371902465820e+00 4.178224503993988037e-01 -1.501552462577819824e+00 -2.810451507568359375e+00 -8.458631515502929688e+00 1.391722679138183594e+01 1.258803009986877441e+00 8.217412948608398438e+00
-1.018125936388969421e-01 4.469885826110839844e+00 8.506904602050781250e+00 8.757077217102050781e+00 -1.109504985809326172e+01 -7.555353641510009766e+00 -1.432502079010009766e+01 1.643420600891113281e+01 2.400326967239379883e+00 -1.089555025100708008e-01
-2.544264078140258789e+00 1.280706214904785156e+01 6.143139600753784180e-01 1.397755980491638184e+00 -1.378062486648559570e+00 -5.558327674865722656e+00 -3.803175926208496094e+00 4.088816165924072266e+00 4.157430171966552734e+00 -2.668327808380126953e+00
1.785945177078247070e+00 -2.924521207809448242e+00 -1.718120932579040527e+00 -3.521271467208862305e+00 1.627259969711303711e+00 -1.604313254356384277e+00 -9.620429039001464844e+00 1.332078361511230469e+01 -3.112237691879272461e+00 7.045632362365722656e+00
-5.410818576812744141e+00 2.570859193801879883e-01 7.534846305847167969e+00 9.518079757690429688e+00 -1.143504047393798828e+01 -6.833980083465576172e+00 -1.888588714599609375e+01 1.915524864196777344e+01 6.185135364532470703e+00 4.544034004211425781e+00
1.000710773468017578e+01 -1.394339656829833984e+01 1.345445156097412109e+00 -2.135442495346069336e+00 -1.544151186943054199e+00 9.722353219985961914e-01 -3.394137382507324219e+00 3.569545745849609375e+00 6.075865775346755981e-02 9.414941787719726562e+00
2.915911078453063965e-01 1.807596921920776367e+00 -1.254633545875549316e+00 1.287810516357421875e+01 -1.348778057098388672e+01 1.158997917175292969e+01 -4.280638217926025391e+00 -6.691946029663085938e+00 2.810932159423828125e+00 1.455947160720825195e+00
-2.489948749542236328e+00 1.000270366668701172e+01 -2.569645941257476807e-01 -7.998210787773132324e-01 1.334947466850280762e+00 -4.727054119110107422e+00 -2.461309909820556641e+00 5.443422317504882812e+00 2.360829830169677734e+00 -2.428795814514160156e+00
-1.729344367980957031e+00 -6.692849159240722656e+00 -3.839004278182983398e+00 7.361865997314453125e+00 -7.286622524261474609e+00 1.874103927612304688e+01 -6.006982326507568359e+00 -2.749153375625610352e+00 5.842627048492431641e+00 6.241616010665893555e-01
-8.852127075195312500e+00 -1.274141669273376465e+00 -2.648814201354980469e+00 -1.059126615524291992e+00 1.754588508605957031e+01 -2.849377870559692383e+00 -4.512422084808349609e+00 4.849421977996826172e+00 8.069115132093429565e-02 7.923680305480957031e+00
-6.117157936096191406e+00 1.223968124389648438e+01 -5.098003149032592773e-01 6.864597797393798828e-01 1.446497678756713867e+00 -4.117552757263183594e+00 -9.850159287452697754e-01 2.231858968734741211e+00 3.275745391845703125e+00 -3.343415975570678711e+00
6.163276731967926025e-02 3.147967100143432617e+00 6.343223094940185547e+00 5.142123222351074219e+00 -7.586713314056396484e+00 -9.014458656311035156e+00 -1.268840026855468750e+01 1.418420410156250000e+01 3.442781448364257812e+00 3.712922811508178711e+00
-2.776319742202758789e+00 -3.960921242833137512e-02 2.432348012924194336e+00 3.230117321014404297e+00 -3.199109554290771484e+00 -7.600426673889160156e-01 -3.292634010314941406e+00 -1.718848466873168945e+00 1.072760486602783203e+01 1.915059685707092285e+00
-8.623199462890625000e+00 -8.951936721801757812e+00 -3.738475084304809570e+00 3.803358554840087891e+00 1.379315137863159180e+00 3.907164096832275391e+00 -2.050476312637329102e+00 1.198630094528198242e+00 5.016956329345703125e+00 1.330271720886230469e+01
-1.637741208076477051e+00 1.266835880279541016e+01 -2.490152835845947266e+00 2.464832663536071777e-01 2.132218837738037109e+00 -5.357570648193359375e+00 -4.469598293304443359e+00 5.698266506195068359e+00 1.997056961059570312e+00 -1.018020987510681152e+00
-6.390154361724853516e+00 -1.742553114891052246e+00 1.756405830383300781e+00 4.848412513732910156e+00 3.409637212753295898e-01 -5.750979781150817871e-01 -2.370662450790405273e+00 -1.828857064247131348e-01 1.096015834808349609e+01 1.596837639808654785e+00
1.052344799041748047e+01 -7.218871116638183594e+00 1.817858934402465820e+00 -2.363182306289672852e+00 -2.594096183776855469e+00 8.936244249343872070e-01 1.001529932022094727e+00 5.728339552879333496e-01 -2.975441932678222656e+00 -5.059051327407360077e-03
-6.604202985763549805e-01 7.099991440773010254e-01 -4.577651619911193848e-01 9.258878707885742188e+00 -1.576100444793701172e+01 2.274167823791503906e+01 1.313637614250183105e+00 -1.728790855407714844e+01 2.419984102249145508e+00 4.491178035736083984e+00
3.942100286483764648e+00 -1.064461946487426758e+00 1.577753543853759766e+00 -5.577486038208007812e+00 -3.720877647399902344e+00 1.109777545928955078e+01 1.240155029296875000e+01 -1.030176734924316406e+01 9.875947833061218262e-01 -5.034405708312988281e+00
-6.517487764358520508e-01 2.556944370269775391e+00 1.449436378479003906e+01 4.004095554351806641e+00 -6.566905975341796875e+00 -1.587229818105697632e-01 -7.849781990051269531e+00 5.958898067474365234e-01 -8.194104433059692383e-01 -2.969403505325317383e+00
-5.730379581451416016e+00 1.673014312982559204e-01 4.683535099029541016e+00 4.098600864410400391e+00 5.757413506507873535e-01 -5.793261051177978516e+00 -3.086348295211791992e+00 8.975010871887207031e+00 -2.337713718414306641e+00 -7.498908042907714844e-01
-3.191497802734375000e+00 -5.800125598907470703e+00 7.471378445625305176e-01 2.582098722457885742e+00 3.553910493850708008e+00 -3.816377401351928711e+00 -7.128330230712890625e+00 4.212945461273193359e+00 2.381797313690185547e+00 1.487293148040771484e+01
-4.619832992553710938e+00 -6.920228600502014160e-01 4.028010368347167969e-02 2.075725317001342773e+00 -1.698784470558166504e+00 -2.085911512374877930e+00 -5.583708763122558594e+00 2.048870325088500977e+00 8.873511314392089844e+00 4.698472499847412109e+00
3.899332284927368164e+00 -4.124772071838378906e+00 1.412931978702545166e-01 -2.452370643615722656e+00 5.411577820777893066e-01 1.539459466934204102e+00 1.800716781616210938e+01 -1.075967121124267578e+01 -3.855443954467773438e+00 -4.557882785797119141e+00
1.730527496337890625e+01 -6.954119682312011719e+00 2.714601516723632812e+00 -3.738717317581176758e+00 -1.372940778732299805e+00 -2.421316385269165039e+00 7.341112613677978516e+00 1.880403876304626465e+00 -6.520180225372314453e+00 -3.842144012451171875e+00
3.659611940383911133e-01 -6.611300706863403320e-01 -3.400721311569213867e+00 7.541006088256835938e+00 -1.275835800170898438e+01 1.799511718750000000e+01 1.473162651062011719e+00 -7.919640064239501953e+00 2.474387884140014648e+00 1.036875605583190918e+00
-1.841420769691467285e+00 1.925564885139465332e+00 -1.515653133392333984e+00 6.885451078414916992e-01 1.484711766242980957e+00 -3.765135049819946289e+00 -1.043781375885009766e+01 1.183893775939941406e+01 -1.487585157155990601e-02 4.913932800292968750e+00
1.794879436492919922e+00 -2.987541437149047852e+00 -4.310384273529052734e+00 2.980037212371826172e+00 2.155624330043792725e-01 4.657846450805664062e+00 5.384344577789306641e+00 -5.877895355224609375e+00 -1.552336692810058594e+00 -3.296407461166381836e-01
-5.665181636810302734e+00 -9.478635191917419434e-01 8.895283699035644531e+00 1.547607326507568359e+01 -1.391316604614257812e+01 2.061383724212646484e+00 -9.174593925476074219e+00 2.876121997833251953e+00 5.270219326019287109e+00 -3.483880758285522461e-01
8.272798538208007812e+00 -4.378941535949707031e+00 3.507959365844726562e+00 -7.400735616683959961e-01 -5.859662532806396484e+00 9.440144151449203491e-02 -5.973550677299499512e-01 1.408443570137023926e+00 -2.518044710159301758e+00 4.461392879486083984e+00
9.850481748580932617e-01 -1.222732067108154297e+00 4.072089672088623047e+00 7.209401726722717285e-01 6.872778892517089844e+00 -6.959476470947265625e-01 1.284006118774414062e+01 -7.053429603576660156e+00 -7.350970268249511719e+00 -8.935993194580078125e+00
-6.800261020660400391e+00 1.180775833129882812e+01 3.905917167663574219e+00 3.414750814437866211e+00 3.283433437347412109e+00 -6.817951679229736328e+00 -2.847777366638183594e+00 2.875832796096801758e+00 3.526796340942382812e+00 -7.660565853118896484e+00
-1.330067157745361328e+00 -2.744837760925292969e+00 2.041764640808105469e+01 2.414410591125488281e+00 1.649035930633544922e+00 -9.197596549987792969e+00 -7.518469095230102539e-01 -3.580249845981597900e-01 5.248242855072021484e+00 -1.002686882019042969e+01
-2.984157800674438477e-01 8.810847282409667969e+00 2.285903358459472656e+01 8.907513618469238281e+00 -2.032659339904785156e+01 -5.347114801406860352e-01 -5.904700279235839844e+00 -1.969594717025756836e+00 6.799121856689453125e+00 -9.750916481018066406e+00
-5.570843219757080078e+00 8.315381050109863281e+00 -2.275855779647827148e+00 4.596624374389648438e-01 8.940261006355285645e-01 7.923839986324310303e-02 -8.647718429565429688e-01 -1.210832715034484863e+00 2.261506557464599609e+00 1.384543776512145996e+00
2.912738800048828125e+00 2.104176282882690430e+00 4.730769157409667969e+00 5.989818572998046875e+00 -1.509022331237792969e+01 4.775033473968505859e+00 -9.687267303466796875e+00 -1.793203830718994141e+00 1.879088163375854492e+00 7.086832523345947266e+00
-2.681029558181762695e+00 -2.391135454177856445e+00 5.572106361389160156e+00 5.337184667587280273e-01 -6.774870395660400391e+00 -1.620244503021240234e+00 -8.085838317871093750e+00 1.290919303894042969e+01 1.673261165618896484e+00 1.394511580467224121e+00
1.699539422988891602e+00 -2.276675939559936523e+00 -1.796792596578598022e-01 -2.691067457199096680e+00 -4.820575714111328125e+00 4.639031887054443359e+00 1.038407230377197266e+01 -9.300446510314941406e+00 4.135794639587402344e+00 -9.100578427314758301e-01
3.200855851173400879e-02 -1.998320698738098145e+00 5.871810436248779297e+00 6.963726043701171875e+00 -7.054152965545654297e+00 -2.845067024230957031e+00 -5.289512157440185547e+00 -2.639670133590698242e+00 1.457028102874755859e+01 5.277572631835937500e+00
5.863400101661682129e-01 7.269154191017150879e-01 -1.133645772933959961e+00 3.653668165206909180e+00 -1.095048904418945312e+01 1.200595188140869141e+01 -2.017040491104125977e+00 -2.906221389770507812e+00 -4.573830068111419678e-01 1.786724209785461426e+00
-6.185656547546386719e+00 1.345180225372314453e+01 2.101462841033935547e+00 2.125657320022583008e+00 4.202543735504150391e+00 -7.741055965423583984e+00 -2.954219341278076172e+00 4.301956653594970703e+00 1.968381643295288086e+00 -4.640317440032958984e+00
-2.450539588928222656e+00 9.798517227172851562e+00 9.130286574363708496e-01 -4.563660621643066406e-01 -6.090830564498901367e-01 -9.742748737335205078e-01 7.654951572418212891e+00 -3.173037052154541016e+00 5.301811218261718750e+00 -8.093371391296386719e+00
2.717908620834350586e+00 -1.989592909812927246e+00 1.157452583312988281e+00 7.096494436264038086e-01 -1.746472120285034180e+00 7.341014862060546875e+00 1.478908920288085938e+01 -7.038682460784912109e+00 -4.329626262187957764e-01 -1.081538867950439453e+01
-1.036966681480407715e+00 -1.156327605247497559e+00 5.325699806213378906e+00 2.699651002883911133e+00 -6.186412334442138672e+00 -3.654774188995361328e+00 -1.427570819854736328e+01 1.597017192840576172e+01 -1.635671496391296387e+00 5.072165489196777344e+00
-7.694423198699951172e-01 2.684875726699829102e+00 2.129520177841186523e+00 3.679410696029663086e+00 -1.786462426185607910e+00 -6.854251861572265625e+00 -1.202145385742187500e+01 1.180032253265380859e+01 1.700985431671142578e+00 5.536052227020263672e+00
-8.837201118469238281e+00 1.263707351684570312e+01 -4.687173664569854736e-01 2.999033451080322266e+00 8.314386010169982910e-01 -2.951790571212768555e+00 -1.480111360549926758e+00 -4.750048816204071045e-01 4.051162719726562500e+00 -3.492024183273315430e+00
-7.693481922149658203e+00 -5.376825809478759766e+00 -4.758041381835937500e+00 1.254508733749389648e+00 4.823400497436523438e+00 1.040398836135864258e+00 -6.976706027984619141e+00 3.783180952072143555e+00 4.631802558898925781e+00 1.419341087341308594e+01
6.951154232025146484e+00 -7.839118957519531250e+00 -1.985116600990295410e+00 -4.930171012878417969e+00 6.654660701751708984e+00 -4.896880149841308594e+00 5.722310066223144531e+00 1.200493693351745605e+00 -2.654422760009765625e+00 1.701837897300720215e+00
-3.229746341705322266e+00 -7.108173847198486328e+00 -8.054681867361068726e-02 9.391856193542480469e+00 -8.878219604492187500e+00 1.310890483856201172e+01 1.013998627662658691e+00 -3.061997175216674805e+00 5.148940086364746094e+00 1.984667539596557617e+00
2.265232563018798828e+00 7.831773757934570312e+00 1.487140357494354248e-02 -1.265769124031066895e+00 -3.490734100341796875e+00 3.611903786659240723e-01 5.526482582092285156e+00 -4.193387985229492188e+00 1.816125869750976562e+00 -3.056398630142211914e+00
1.402985954284667969e+01 -1.439239692687988281e+01 1.174064055085182190e-01 -6.182655811309814453e+00 2.787241458892822266e+00 -3.916945934295654297e+00 7.086211204528808594e+00 4.087378680706024170e-01 -5.660090446472167969e-01 2.457155227661132812e+00
-5.261848568916320801e-01 -7.529794692993164062e+00 7.565421462059020996e-01 -5.649882316589355469e+00 1.355123138427734375e+01 -3.729923725128173828e+00 1.830383062362670898e+00 6.079675197601318359e+00 -1.586373925209045410e+00 4.162001132965087891e+00
-7.464439868927001953e-01 -4.257397174835205078e+00 9.457210540771484375e+00 2.540060043334960938e+00 1.070574641227722168e+00 -2.146491289138793945e+00 -4.499073922634124756e-01 -2.343602180480957031e-01 1.187308430671691895e+00 -4.451976299285888672e+00
-1.617228388786315918e+00 -6.287989139556884766e+00 3.909702539443969727e+00 7.805382728576660156e+00 -9.044444084167480469e+00 2.117480993270874023e+00 -1.228181076049804688e+01 -3.138300657272338867e+00 1.749847793579101562e+01 4.539083003997802734e+00
-6.595584392547607422e+00 -1.193942427635192871e-01 -2.387250900268554688e+00 -2.095812082290649414e+00 1.607754707336425781e+01 -3.024090051651000977e+00 -1.687139153480529785e+00 2.089315414428710938e+00 1.714511275291442871e+00 4.953643798828125000e+00
7.607859134674072266e+00 -3.065154075622558594e+00 2.007898569107055664e+00 -1.251302361488342285e+00 -3.924155235290527344e+00 2.344785451889038086e+00 -2.601078748703002930e-01 -1.762253165245056152e+00 1.022470474243164062e+00 4.372133016586303711e-01
-1.671708524227142334e-01 -5.549498081207275391e+00 -1.016258955001831055e+00 -2.774703264236450195e+00 -2.111053943634033203e+00 1.280138111114501953e+01 8.705643415451049805e-01 -3.894286155700683594e+00 5.544649124145507812e+00 -5.151023268699645996e-01
-7.476140856742858887e-01 -3.113700866699218750e+00 5.304297059774398804e-02 4.268135130405426025e-01 -2.320526361465454102e+00 -3.997634649276733398e-01 1.650774574279785156e+01 -6.233922958374023438e+00 -3.536204397678375244e-01 -9.044039726257324219e+00
-3.341916561126708984e+00 3.263794481754302979e-01 8.251957893371582031e+00 1.653932571411132812e+01 -1.365577697753906250e+01 2.153286933898925781e+00 -9.808192253112792969e+00 -9.362540841102600098e-01 8.075865745544433594e+00 -2.520138263702392578e+00
-7.381929874420166016e+00 4.439668655395507812e-01 8.299148082733154297e-01 7.486199855804443359e+00 1.007897496223449707e+00 -5.669372558593750000e+00 -1.005980110168457031e+01 1.269847583770751953e+01 -2.020967006683349609e+00 5.363873481750488281e+00
-6.841039657592773438e+00 9.203791618347167969e+00 1.211356925964355469e+01 9.668007850646972656e+00 -1.649044227600097656e+01 3.535498142242431641e+00 -1.029024696350097656e+01 6.072270393371582031e+00 -1.235975146293640137e+00 -6.110225677490234375e+00
2.409553050994873047e+00 7.491014480590820312e+00 2.077330207824707031e+01 7.764434814453125000e+00 -2.310551261901855469e+01 -2.172374010086059570e+00 -7.120893001556396484e+00 1.123113989830017090e+00 4.973045825958251953e+00 -8.641150474548339844e+00
1.462184047698974609e+01 -9.448765754699707031e+00 7.641962528228759766e+00 -4.078566551208496094e+00 2.615845441818237305e+00 -6.389467239379882812e+00 4.317784905433654785e-01 -2.530895233154296875e+00 -1.328355073928833008e-01 4.331489801406860352e-01
-4.193888187408447266e+00 2.938276052474975586e+00 8.529792785644531250e+00 1.219254016876220703e+01 -1.213424396514892578e+01 -7.100658893585205078e+00 -1.863175773620605469e+01 1.488014984130859375e+01 8.484300613403320312e+00 2.161553144454956055e+00
1.510302639007568359e+01 -6.288760662078857422e+00 6.030001163482666016e+00 -3.038890361785888672e+00 -7.416929721832275391e+00 1.481830328702926636e-02 -9.004780054092407227e-01 -2.132483482360839844e+00 9.043501019477844238e-01 2.060216903686523438e+00
2.513734102249145508e-01 -7.617813110351562500e+00 -1.841629505157470703e+00 -2.156262159347534180e+00 -1.199862718582153320e+00 -1.680833846330642700e-01 1.260179710388183594e+01 -8.269199728965759277e-02 2.007041931152343750e+00 -2.662978649139404297e+00
4.343610405921936035e-01 -2.694223165512084961e+00 1.775483703613281250e+01 5.128726005554199219e+00 -5.253517150878906250e+00 -3.875186681747436523e+00 -1.279124259948730469e+00 -4.448744058609008789e-01 -1.198967576026916504e+00 -7.539009094238281250e+00
-9.176880717277526855e-01 3.657904267311096191e-01 -1.135047197341918945e+00 1.897423982620239258e+00 1.363350033760070801e+00 -2.828873395919799805e+00 -1.045227572321891785e-01 -3.116392850875854492e+00 1.296221160888671875e+01 -3.626144528388977051e-01
1.399719476699829102e+00 -1.625970125198364258e+00 -1.449750542640686035e+00 3.816116809844970703e+00 -5.801208019256591797e+00 6.410335540771484375e+00 1.041105461120605469e+01 -8.050704002380371094e+00 7.240720272064208984e+00 -1.193995285034179688e+01
-4.536876678466796875e+00 -6.043227195739746094e+00 -1.325410723686218262e+00 -7.966791838407516479e-02 1.534140396118164062e+01 -4.588887095451354980e-01 -2.875503778457641602e+00 4.165129661560058594e+00 -1.619070768356323242e-02 4.060139656066894531e+00
-2.735692739486694336e+00 2.928153753280639648e+00 5.267754077911376953e+00 5.805783271789550781e+00 -6.039706230163574219e+00 -5.686012268066406250e+00 -1.316876983642578125e+01 1.315932941436767578e+01 2.220349788665771484e+00 2.764530897140502930e+00
-3.423222064971923828e+00 -4.329421997070312500e+00 4.526495933532714844e+00 1.570168495178222656e+00 -6.239684104919433594e+00 -1.102756619453430176e+00 -9.102603793144226074e-01 4.902581274509429932e-01 1.710132026672363281e+01 3.988322257995605469e+00
-5.954519510269165039e-01 -1.417822957038879395e+00 2.653889894485473633e+00 7.037856578826904297e+00 -8.617518424987792969e+00 1.045180082321166992e+00 -4.722203731536865234e+00 -4.861865997314453125e+00 1.238287925720214844e+01 6.195490956306457520e-01
-4.078238010406494141e+00 -1.676136016845703125e+00 5.015013694763183594e+00 2.253185653686523438e+01 -1.126788234710693359e+01 4.554100990295410156e+00 -1.470954608917236328e+01 -6.774195194244384766e+00 6.351655960083007812e+00 5.015361785888671875e+00
-3.871056079864501953e+00 -2.470698833465576172e+00 3.876540064811706543e-02 2.695693254470825195e+00 7.657041549682617188e+00 -5.032500267028808594e+00 -7.492041587829589844e+00 3.657089233398437500e+00 -1.229328632354736328e+00 1.184065055847167969e+01
-3.364458560943603516e+00 9.187803268432617188e+00 1.882203865051269531e+01 8.217562675476074219e+00 -1.557518482208251953e+01 1.416069507598876953e+00 -1.177975773811340332e+00 -1.675331830978393555e+00 2.950754404067993164e+00 -1.371124362945556641e+01
-1.129244136810302734e+01 -3.287094116210937500e+00 -2.436538934707641602e+00 1.016878247261047363e+00 2.069237136840820312e+01 -3.515508174896240234e+00 -2.957354545593261719e+00 2.844604969024658203e+00 1.666267275810241699e+00 6.946143627166748047e+00
-3.731288313865661621e-01 -3.532339811325073242e+00 -4.123106002807617188e+00 7.726338863372802734e+00 -6.627034187316894531e+00 1.275663852691650391e+01 7.460892200469970703e-01 -4.439093589782714844e+00 -1.655430078506469727e+00 -9.249229431152343750e-01
-2.780395269393920898e+00 -2.788932085037231445e+00 -2.294564247131347656e+00 5.985724925994873047e+00 -1.061959934234619141e+01 2.120880508422851562e+01 5.797733664512634277e-01 -5.892722129821777344e+00 5.750960111618041992e-01 1.676170825958251953e+00
-2.342958927154541016e+00 -6.850983619689941406e+00 3.905322849750518799e-01 8.108704566955566406e+00 -1.181425189971923828e+01 1.435618686676025391e+01 2.455358028411865234e+00 -1.307382464408874512e+00 6.549221038818359375e+00 -1.439873427152633667e-01
-5.532680511474609375e+00 -7.060954093933105469e+00 2.875950098037719727e+00 1.849178194999694824e+00 -2.159029245376586914e+00 3.465869426727294922e+00 4.042365550994873047e+00 -4.535203456878662109e+00 1.640585708618164062e+01 2.099864959716796875e+00
-5.285577178001403809e-01 1.325709056854248047e+01 1.715775370597839355e+00 -2.321891307830810547e+00 -2.169312477111816406e+00 -3.397082567214965820e+00 1.023298621177673340e+00 2.939359426498413086e+00 3.246937990188598633e+00 -6.205078601837158203e+00
-9.274910926818847656e+00 -4.271489620208740234e+00 -4.100726604461669922e+00 -2.142802953720092773e+00 1.766579627990722656e+01 -1.623254418373107910e+00 -6.974337577819824219e+00 6.097623825073242188e+00 1.309001088142395020e+00 9.751525878906250000e+00
1.270908713340759277e+00 -5.115986824035644531e+00 7.064121246337890625e+00 4.734187126159667969e+00 -9.498417854309082031e+00 -5.560687780380249023e-01 -1.133676910400390625e+01 1.393747901916503906e+01 7.302017688751220703e+00 -1.196387648582458496e+00
-4.620175838470458984e+00 2.735421180725097656e+00 1.683111429214477539e+00 1.584977340698242188e+01 -5.328932762145996094e+00 5.370368480682373047e+00 -8.648299217224121094e+00 -5.010679244995117188e+00 3.736566543579101562e+00 7.845637798309326172e-01
-1.071428582072257996e-01 -4.789703845977783203e+00 1.204300785064697266e+01 2.958447217941284180e+00 -2.727301120758056641e+00 -3.817481994628906250e+00 -2.886226892471313477e+00 4.327381134033203125e+00 -6.829731464385986328e-01 -5.604699611663818359e+00
1.229227447509765625e+01 -1.271234416961669922e+01 2.628754377365112305e+00 -2.520436048507690430e+00 3.019886493682861328e+00 -1.113681554794311523e+00 6.469271183013916016e+00 -4.862473964691162109e+00 1.140592694282531738e+00 -1.832529902458190918e-01
-3.260026931762695312e+00 1.313509792089462280e-01 2.077683210372924805e+00 1.100636100769042969e+01 -1.396225070953369141e+01 2.105930519104003906e+01 7.108352184295654297e-01 -1.388511085510253906e+01 4.260789394378662109e+00 2.966677397489547729e-02
2.604204893112182617e+00 -7.346737384796142578e+00 -3.012925624847412109e+00 -2.933402776718139648e+00 2.444388151168823242e+00 6.852154731750488281e+00 1.522542357444763184e+00 3.672826588153839111e-01 4.760456383228302002e-01 -2.744575142860412598e-01
-6.916635036468505859e+00 1.098778438568115234e+01 -5.677921175956726074e-01 6.580459475517272949e-01 1.586736559867858887e+00 -2.799401521682739258e+00 -2.181586027145385742e+00 1.314043283462524414e+00 6.879366040229797363e-01 -5.716708898544311523e-01
6.622309088706970215e-01 -4.820735454559326172e+00 1.966783761978149414e+00 -2.390839755535125732e-01 -1.968105435371398926e-01 -1.986323714256286621e+00 -1.556162834167480469e+01 1.652882194519042969e+01 -7.446181029081344604e-02 7.590234756469726562e+00
-9.225023269653320312e+00 -4.258399903774261475e-01 -4.075440406799316406e+00 -3.023683309555053711e+00 1.725278091430664062e+01 -1.212197422981262207e+00 -4.057873249053955078e+00 3.324052572250366211e+00 2.974778175354003906e+00 4.821297168731689453e+00
-6.898418426513671875e+00 1.429050445556640625e+00 4.387779712677001953e+00 1.910699486732482910e+00 -3.892058610916137695e+00 -3.183103084564208984e+00 -1.260289001464843750e+01 1.232779216766357422e+01 6.123391985893249512e-01 3.479636192321777344e+00
-4.885867595672607422e+00 -1.002848243713378906e+01 -2.240663528442382812e+00 5.146016478538513184e-01 9.758224487304687500e+00 -2.678502798080444336e+00 -9.193013191223144531e+00 6.026676654815673828e+00 2.504046678543090820e+00 1.668503189086914062e+01
-8.740319609642028809e-01 -1.114819526672363281e+00 2.519749402999877930e+00 -2.610016822814941406e+00 2.607528686523437500e+00 1.910411238670349121e+00 8.201644897460937500e+00 -2.618206977844238281e+00 -2.716500043869018555e+00 -3.429537534713745117e+00
-2.607741355895996094e+00 6.439556121826171875e+00 1.413888931274414062e+01 4.620883464813232422e+00 -1.237151432037353516e+01 -2.875800371170043945e+00 -4.228549480438232422e+00 5.003752112388610840e-01 4.939020156860351562e+00 -5.920412540435791016e+00
1.973834419250488281e+01 -1.616625785827636719e+01 6.283003807067871094e+00 -5.199885368347167969e+00 4.774440765380859375e+00 -6.913541316986083984e+00 2.525150537490844727e+00 -3.612076520919799805e+00 3.413421660661697388e-02 5.237685203552246094e+00
-4.620244979858398438e+00 -2.118846178054809570e+00 -4.163371086120605469e+00 1.453216791152954102e+00 3.363059520721435547e+00 1.584277153015136719e+00 -6.069357872009277344e+00 6.777328968048095703e+00 1.243875026702880859e+00 1.032775402069091797e+01
4.912939071655273438e+00 -7.831568717956542969e+00 1.505949592590332031e+01 3.015199422836303711e+00 -6.256247520446777344e+00 -4.907140731811523438e+00 -1.207842946052551270e+00 2.562723636627197266e+00 6.185948371887207031e+00 -7.413497447967529297e+00
-4.385972976684570312e+00 -3.467217445373535156e+00 1.135135412216186523e+00 1.278702259063720703e+01 -7.059962749481201172e+00 4.301085948944091797e+00 -7.797773361206054688e+00 -6.203096866607666016e+00 7.049806594848632812e+00 4.455069541931152344e+00
-1.235814332962036133e+00 -1.586985230445861816e+00 -4.442834854125976562e+00 7.025914669036865234e+00 -1.065149211883544922e+01 1.421680355072021484e+01 1.544504165649414062e+00 -7.154573917388916016e+00 1.033767461776733398e+00 -5.358114838600158691e-01
-5.059077262878417969e+00 -6.886244297027587891e+00 -4.532855987548828125e+00 3.015816688537597656e+00 5.534873008728027344e+00 -2.852871417999267578e+00 -7.877521514892578125e+00 6.647945880889892578e+00 3.514212131500244141e+00 1.633205223083496094e+01
-5.422572612762451172e+00 2.371153354644775391e+00 -2.699404954910278320e+00 5.631099700927734375e+00 -1.191129493713378906e+01 1.876444625854492188e+01 -3.687575578689575195e+00 -9.405252456665039062e+00 5.698689937591552734e+00 2.249626874923706055e+00
1.335301756858825684e+00 -8.577482223510742188e+00 1.099204921722412109e+01 3.298166036605834961e+00 -3.003444075584411621e-01 -1.840380072593688965e+00 -2.418742179870605469e+00 3.363602876663208008e+00 -4.531616210937500000e+00 -1.450323224067687988e+00
-1.601088404655456543e+00 1.308854389190673828e+01 7.700251340866088867e-01 -1.102729558944702148e+00 1.165957927703857422e+00 -4.200073242187500000e+00 -5.142931938171386719e-01 8.591214418411254883e-01 3.941615104675292969e+00 -4.632923126220703125e+00
-2.376041173934936523e+00 -1.663818478584289551e+00 4.746729373931884766e+00 1.777856111526489258e+00 -4.446577072143554688e+00 -5.695302009582519531e+00 -1.013435363769531250e+01 1.370804119110107422e+01 9.670694470405578613e-01 5.299496173858642578e+00
-3.022970914840698242e+00 1.136545181274414062e+01 -1.878259897232055664e+00 1.722263813018798828e+00 -2.499700784683227539e+00 -2.450948804616928101e-01 -1.349513530731201172e-01 8.083303570747375488e-01 4.635773181915283203e+00 -2.477807283401489258e+00
