-6.448228359222412109e+00 -4.249164104461669922e+00 -7.715898990631103516e+00 3.387017488479614258e+00 6.982616901397705078e+00 1.726058244705200195e+00 -7.550297260284423828e+00 3.207780718803405762e-01 2.943753480911254883e+00 1.288840579986572266e+01
-4.540498733520507812e+00 -6.160867214202880859e-01 -3.177701473236083984e+00 3.757590055465698242e-01 -4.915392398834228516e-01 8.621419906616210938e+00 2.937074661254882812e+00 -6.096958160400390625e+00 4.634543418884277344e+00 -1.485777139663696289e+00
-2.668593227863311768e-01 -4.688892841339111328e+00 2.108726024627685547e+00 -5.095014572143554688e+00 5.114814758300781250e+00 -9.563726782798767090e-01 1.105961608886718750e+01 -2.370683670043945312e+00 -1.938787221908569336e+00 -1.351745486259460449e+00
4.963210225105285645e-02 -2.874768733978271484e+00 6.828815937042236328e+00 -1.724203974008560181e-01 3.500654697418212891e+00 -3.615525245666503906e+00 2.260795116424560547e+00 -1.913376569747924805e+00 -6.694881319999694824e-01 -2.701416254043579102e+00
-2.567603111267089844e+00 4.307909011840820312e-01 8.014642715454101562e+00 1.852842140197753906e+01 -1.292279911041259766e+01 6.195182800292968750e+00 -1.044095706939697266e+01 -1.017369937896728516e+01 6.941247463226318359e+00 -2.746929407119750977e+00
-3.416272640228271484e+00 -6.938221931457519531e+00 -1.832133650779724121e+00 3.560638666152954102e+00 2.248759984970092773e+00 5.319430828094482422e-01 -8.614982604980468750e+00 4.104497432708740234e+00 1.297709047794342041e-01 1.252748775482177734e+01
1.090787220001220703e+01 -6.670972347259521484e+00 3.650791406631469727e+00 1.181316733360290527e+00 -3.558956861495971680e+00 -9.375773072242736816e-01 8.384594917297363281e-01 -4.020446777343750000e+00 -3.002960085868835449e-01 -8.796333521604537964e-02
-4.104579448699951172e+00 -8.160874247550964355e-02 3.350319623947143555e+00 -1.535493850708007812e+00 8.300593495368957520e-01 -1.045437157154083252e-02 1.025516033172607422e+01 -2.835756301879882812e+00 1.317102193832397461e+00 -5.405043601989746094e+00
-8.613455772399902344e+00 -4.771383285522460938e+00 -4.386824131011962891e+00 4.703078269958496094e+00 5.469748020172119141e+00 2.834881842136383057e-02 -8.575493812561035156e+00 8.804782629013061523e-01 4.644470214843750000e+00 1.348385906219482422e+01
-2.435418128967285156e+00 -7.097575664520263672e+00 -3.636614561080932617e+00 2.641025781631469727e+00 3.277180194854736328e+00 -5.625557899475097656e-02 -7.491189002990722656e+00 2.995229005813598633e+00 2.275760650634765625e+00 1.173519611358642578e+01
-3.918918609619140625e+00 9.719532966613769531e+00 1.162466406822204590e+00 3.603125810623168945e-01 -1.037095308303833008e+00 -4.559705257415771484e+00 8.134651184082031250e-01 1.434952974319458008e+00 2.399751901626586914e+00 -3.430366039276123047e+00
-4.357267856597900391e+00 -8.636984825134277344e+00 -1.884337425231933594e+00 -2.451091766357421875e+00 1.368355751037597656e+01 -2.608463287353515625e+00 -1.932593941688537598e+00 2.479681253433227539e+00 -2.768990397453308105e-01 6.913372516632080078e+00
-3.494817733764648438e+00 -6.965253829956054688e+00 -1.884980559349060059e+00 9.820816993713378906e+00 -9.735874176025390625e+00 2.235152816772460938e+01 -1.628894615173339844e+01 -7.933140993118286133e-01 7.884060382843017578e+00 3.528065085411071777e-01
-5.018861293792724609e+00 8.877044677734375000e+00 4.777738153934478760e-01 6.228650212287902832e-01 -2.269149990752339363e-03 -4.075484275817871094e+00 -1.895148754119873047e+00 3.548267602920532227e+00 1.077158451080322266e+00 -1.087659597396850586e+00
-2.620787143707275391e+00 -6.291142940521240234e+00 -1.270984411239624023e+00 2.621764898300170898e+00 3.263036727905273438e+00 -1.893747568130493164e+00 -5.757355690002441406e+00 3.497528314590454102e+00 7.524128556251525879e-01 9.965503692626953125e+00
-2.700621128082275391e+00 7.013020038604736328e+00 7.647546529769897461e-01 3.359238505363464355e-01 -1.550731420516967773e+00 -6.556785106658935547e-01 -1.673716425895690918e+00 2.523599624633789062e+00 8.787953257560729980e-01 -3.485735416412353516e+00
-5.628898620605468750e+00 9.006513595581054688e+00 -2.712984979152679443e-01 1.280188798904418945e+00 -1.003768205642700195e+00 -1.964689970016479492e+00 -3.965687453746795654e-01 7.009043097496032715e-01 1.935828924179077148e+00 -1.491617918014526367e+00
-6.127206802368164062e+00 -5.563151836395263672e+00 -3.607727050781250000e+00 3.272604942321777344e-01 9.674907684326171875e+00 2.766102552413940430e-01 -3.028651475906372070e+00 2.137028217315673828e+00 2.148045539855957031e+00 4.866951465606689453e+00
-2.236749649047851562e+00 -3.214682579040527344e+00 -9.701184630393981934e-01 2.511206150054931641e+00 1.098174810409545898e+00 1.734239816665649414e+00 -3.068922996520996094e+00 -3.073592424392700195e+00 7.026837825775146484e+00 1.975734829902648926e+00
-2.141911029815673828e+00 -1.124667930603027344e+01 -4.347046375274658203e+00 2.032310485839843750e+00 6.259542942047119141e+00 -6.555655598640441895e-02 -9.198101043701171875e+00 4.236103057861328125e+00 2.128003597259521484e+00 1.466027641296386719e+01
1.364132785797119141e+01 -1.154370498657226562e+01 1.844477653503417969e+00 -2.743441104888916016e+00 -1.663674712181091309e+00 1.596038818359375000e+00 3.766328811645507812e+00 -2.504283189773559570e+00 -9.542310237884521484e-01 -2.733842730522155762e-01
1.774531364440917969e+01 -9.306515693664550781e+00 4.518488407135009766e+00 -3.958231210708618164e+00 -1.067092418670654297e+01 4.020749092102050781e+00 -1.452148556709289551e+00 1.198810338973999023e+00 4.983087778091430664e-01 -6.149675697088241577e-02
-3.595972657203674316e-01 6.764032840728759766e-01 2.929236412048339844e+00 -1.992907166481018066e+00 -1.654606580734252930e+00 -1.630505323410034180e+00 9.714249521493911743e-02 -2.254456758499145508e+00 9.053724288940429688e+00 -8.282656669616699219e-01
-5.228536605834960938e+00 1.011192321777343750e+01 1.512477993965148926e+00 1.038175702095031738e+00 -1.420156717300415039e+00 -4.310894012451171875e+00 -6.111010313034057617e-01 2.148898601531982422e+00 2.029262542724609375e+00 -2.657435178756713867e+00
-4.978284358978271484e+00 -3.177453279495239258e+00 -1.262339234352111816e+00 -1.928770899772644043e+00 1.005703926086425781e+01 -1.434618234634399414e+00 -1.751213073730468750e+00 1.087916254997253418e+00 9.559208750724792480e-01 3.677945375442504883e+00
-1.646310210227966309e+00 1.589403867721557617e+00 -7.994619011878967285e-01 -8.035021424293518066e-01 -3.938517093658447266e+00 8.775775909423828125e+00 4.212019920349121094e+00 -8.043970108032226562e+00 4.548170566558837891e+00 -2.972089767456054688e+00
-1.426223635673522949e+00 -7.384274482727050781e+00 3.331730604171752930e+00 5.455016136169433594e+00 -4.789773941040039062e+00 -2.465515434741973877e-01 -4.684878349304199219e+00 -3.705060958862304688e+00 1.374950313568115234e+01 4.589662551879882812e+00
-2.023375511169433594e+00 3.070141792297363281e+00 4.659180343151092529e-01 1.068881702423095703e+01 -7.734346389770507812e+00 4.513783454895019531e+00 -4.474524021148681641e+00 -5.156898021697998047e+00 6.002043485641479492e-01 -1.870343536138534546e-01
-5.225441455841064453e-01 -1.956651568412780762e+00 -5.681815624237060547e+00 6.825083732604980469e+00 -9.622573852539062500e+00 1.691409492492675781e+01 -4.717045307159423828e+00 -4.931227207183837891e+00 1.553186476230621338e-01 3.123656988143920898e+00
-3.997619152069091797e+00 6.655672550201416016e+00 1.517811679840087891e+01 5.065154552459716797e+00 -1.032320404052734375e+01 -2.081923186779022217e-01 -3.512419700622558594e+00 6.603660583496093750e-01 2.478372573852539062e+00 -9.376274108886718750e+00
4.136397242546081543e-01 -1.675674796104431152e+00 7.262133359909057617e-01 -2.726672172546386719e+00 1.376118779182434082e+00 3.764995932579040527e-02 7.826591491699218750e+00 -1.615013003349304199e+00 -1.250678777694702148e+00 -1.782394051551818848e+00
-4.029627799987792969e+00 -1.666678905487060547e+00 4.949400424957275391e+00 6.972049236297607422e+00 -3.701941251754760742e+00 -3.293132781982421875e+00 -1.163017082214355469e+01 1.181151390075683594e+01 1.141545295715332031e+00 3.821349859237670898e+00
-3.824575424194335938e+00 -1.426319956779479980e+00 3.123716831207275391e+00 1.720667839050292969e+01 -8.532377243041992188e+00 4.407441139221191406e+00 -1.802104377746582031e+01 3.690071582794189453e+00 6.763438701629638672e+00 -5.963560938835144043e-01
-3.869172096252441406e+00 -2.127981185913085938e+00 1.379780292510986328e+01 3.026471376419067383e+00 4.732687473297119141e-01 -4.582355499267578125e+00 4.186367988586425781e+00 -2.227854013442993164e+00 8.604610562324523926e-01 -7.611323833465576172e+00
-5.695698738098144531e+00 -1.816299319267272949e+00 -8.604610443115234375e+00 3.356093883514404297e+00 7.184883594512939453e+00 -1.181830644607543945e+00 -7.905613422393798828e+00 2.092870712280273438e+00 3.363267183303833008e+00 1.274249935150146484e+01
-5.907313346862792969e+00 -6.190921783447265625e+00 -4.755517005920410156e+00 4.302085876464843750e+00 3.097431659698486328e+00 1.565553426742553711e+00 -7.164935111999511719e+00 2.814490497112274170e-01 4.559977531433105469e+00 1.275978279113769531e+01
3.410730361938476562e+00 -1.561654448509216309e+00 -7.586764097213745117e-01 9.915839195251464844e+00 -1.174263668060302734e+01 9.944787979125976562e+00 -6.002629756927490234e+00 -7.643033504486083984e+00 2.301191329956054688e+00 2.420359134674072266e+00
2.912133693695068359e+00 -2.874260246753692627e-01 -2.078922986984252930e+00 1.869146347045898438e+00 -2.186356544494628906e+00 5.171294212341308594e-01 -7.775313854217529297e-01 -8.993976116180419922e-01 5.593628883361816406e-01 8.875018358230590820e-01
-3.770554542541503906e+00 1.245217546820640564e-01 8.308990001678466797e-01 3.212425231933593750e+00 -2.106952190399169922e+00 -9.080203175544738770e-01 -5.938076019287109375e+00 6.623414754867553711e-01 9.354975700378417969e+00 2.491643905639648438e+00
-1.939544677734375000e+00 4.311892986297607422e+00 1.080667209625244141e+01 4.911996841430664062e+00 -9.077287673950195312e+00 8.020856976509094238e-01 -4.561084747314453125e+00 -4.246609807014465332e-01 3.714902877807617188e+00 -6.099127292633056641e+00
1.553074169158935547e+01 -9.488284111022949219e+00 5.312995433807373047e+00 -4.999148845672607422e+00 -3.077274560928344727e+00 -4.241682052612304688e+00 3.110525608062744141e+00 3.713967204093933105e-01 -3.068948268890380859e+00 2.780910253524780273e+00
-4.770432949066162109e+00 9.016402244567871094e+00 2.039864063262939453e+00 6.384696364402770996e-01 -2.265565097332000732e-01 -4.965304851531982422e+00 -2.657049417495727539e+00 2.989501953125000000e+00 2.438158273696899414e+00 -1.659643650054931641e+00
2.877112030982971191e-01 -9.594152450561523438e+00 -7.549400925636291504e-01 -2.928236246109008789e+00 4.552742481231689453e+00 4.820893108844757080e-01 -3.174791812896728516e+00 8.150414228439331055e-01 1.967850685119628906e+00 9.608940124511718750e+00
-1.424504280090332031e+00 -9.080301523208618164e-01 3.892956972122192383e+00 5.519586563110351562e+00 -2.993127822875976562e+00 -2.456846952438354492e+00 -1.119393920898437500e+01 1.251530456542968750e+01 -1.774488687515258789e+00 1.909857392311096191e+00
-2.531332015991210938e+00 -1.038221549987792969e+01 9.653531312942504883e-01 -4.663905620574951172e+00 1.466614151000976562e+01 8.105247616767883301e-01 2.554433107376098633e+00 3.127285242080688477e-01 -6.856473684310913086e-01 -9.698106050491333008e-01
-2.189207077026367188e+00 2.023696750402450562e-01 -9.118933677673339844e-01 8.426863670349121094e+00 -3.979980945587158203e+00 4.269085884094238281e+00 -2.762940645217895508e+00 -2.645646333694458008e+00 9.463967680931091309e-01 -9.411944746971130371e-01
-5.153111457824707031e+00 -9.210572242736816406e+00 -2.106744050979614258e+00 -2.680044651031494141e+00 1.441983890533447266e+01 7.283678650856018066e-02 -1.182947516441345215e+00 2.047412157058715820e+00 5.489069819450378418e-01 4.091946125030517578e+00
-5.502219676971435547e+00 -1.208524346351623535e+00 -6.220415592193603516e+00 1.495912671089172363e+00 6.200902462005615234e+00 -1.424007654190063477e+00 -7.295471191406250000e+00 2.632994413375854492e+00 2.518062353134155273e+00 1.223934268951416016e+01
-3.555418968200683594e+00 -1.206513047218322754e+00 2.270362854003906250e+00 1.909725427627563477e+00 4.065429687500000000e+00 -2.632731676101684570e+00 2.543660700321197510e-01 1.519620060920715332e+00 -8.067866563796997070e-01 -6.817932128906250000e-01
-1.634200334548950195e+00 -9.972214698791503906e-01 1.862902450561523438e+01 7.373609542846679688e+00 8.209355175495147705e-03 -1.092857456207275391e+01 -2.976160287857055664e+00 -2.222982883453369141e+00 1.331020832061767578e+00 -6.041119575500488281e+00
-4.379210948944091797e+00 -4.150864601135253906e+00 2.063936233520507812e+00 -8.931678533554077148e-01 9.051389694213867188e+00 -3.462213039398193359e+00 8.030557036399841309e-01 -5.121627449989318848e-02 -2.744163572788238525e-02 2.124104499816894531e+00
-3.731620788574218750e+00 4.312340736389160156e+00 1.596827602386474609e+01 7.663148403167724609e+00 -7.497737407684326172e+00 -4.355808258056640625e+00 -2.132899045944213867e+00 -9.087129682302474976e-02 7.231841087341308594e-01 -8.870024681091308594e+00
-4.278343200683593750e+00 8.670163154602050781e-01 3.152098655700683594e+00 1.305794048309326172e+01 -5.053455352783203125e+00 1.040487527847290039e+00 -4.482493400573730469e+00 -2.700661420822143555e+00 3.591586947441101074e-01 -1.587093710899353027e+00
4.294580459594726562e+00 -6.525771141052246094e+00 2.216229915618896484e+00 -7.216036319732666016e-02 -2.090419769287109375e+00 -4.302688241004943848e-01 2.350565433502197266e+00 -7.182801723480224609e+00 6.490668296813964844e+00 2.935974121093750000e+00
8.193346977233886719e+00 -5.652950286865234375e+00 1.619389772415161133e+00 -2.661500930786132812e+00 -4.187514781951904297e+00 6.586207151412963867e-01 1.814272999763488770e-01 1.805376261472702026e-01 5.006442666053771973e-01 2.521953582763671875e+00
2.750839293003082275e-01 -9.288613796234130859e-01 6.445849418640136719e+00 5.876230239868164062e+00 -5.135457515716552734e+00 -6.702991008758544922e+00 -1.194351577758789062e+01 1.288108825683593750e+01 -2.592052519321441650e-02 3.736571311950683594e+00
-4.886773824691772461e-01 -5.069104194641113281e+00 1.134446144104003906e+00 1.858110666275024414e+00 -5.680333375930786133e-01 -8.368421196937561035e-01 -5.508903503417968750e+00 1.232506656646728516e+01 -1.598138093948364258e+00 1.566390514373779297e+00
-2.775888442993164062e+00 1.054977416992187500e+00 -2.076174497604370117e+00 -8.315837383270263672e-02 2.950137853622436523e+00 2.090828120708465576e-02 -7.511371135711669922e+00 9.042624473571777344e+00 -2.181596994400024414e+00 3.660662412643432617e+00
-3.154100894927978516e+00 7.415706634521484375e+00 1.669346427917480469e+01 7.985668659210205078e+00 -1.233195972442626953e+01 -5.324098110198974609e+00 -7.029105663299560547e+00 8.893915414810180664e-01 6.589616298675537109e+00 -7.616528034210205078e+00
3.963324069976806641e+00 -4.686625957489013672e+00 2.740491628646850586e+00 -1.428429603576660156e+00 2.278435945510864258e+00 -2.176052331924438477e-02 9.840918540954589844e+00 -4.245504856109619141e+00 -4.741240501403808594e+00 -3.140457391738891602e+00
9.153294563293457031e+00 -1.031391143798828125e+01 -1.130969762802124023e+00 -3.190596580505371094e+00 1.967725634574890137e+00 -2.366596758365631104e-01 6.166318893432617188e+00 -3.123436212539672852e+00 -1.583182811737060547e+00 3.057997703552246094e+00
-5.223939895629882812e+00 9.716998100280761719e+00 2.253087520599365234e+00 1.198176980018615723e+00 -2.587584853172302246e-01 -6.125680923461914062e+00 -1.984826207160949707e+00 3.242820501327514648e+00 1.717835903167724609e+00 -1.684490203857421875e+00
-4.588414728641510010e-01 -1.248515844345092773e+00 -1.885967254638671875e+00 -1.828745603561401367e-01 -2.578194618225097656e+00 1.126108169555664062e+01 3.265707731246948242e+00 -2.695149183273315430e+00 2.431706666946411133e+00 -7.288597106933593750e+00
-2.796402454376220703e+00 1.121721506118774414e+00 7.133673191070556641e+00 5.396313667297363281e+00 -2.225789070129394531e+00 -5.046236991882324219e+00 -7.586137771606445312e+00 1.232734394073486328e+01 -1.414141654968261719e+00 -4.165152549743652344e+00
-4.992961406707763672e+00 3.584315061569213867e+00 2.158403635025024414e+00 8.100819587707519531e+00 -5.706910133361816406e+00 3.162865161895751953e+00 -7.917006492614746094e+00 -7.560212016105651855e-01 4.629623889923095703e+00 -3.634884655475616455e-01
-5.717322349548339844e+00 1.060411357879638672e+01 8.678783774375915527e-01 2.282626867294311523e+00 9.972445964813232422e-01 -6.084534645080566406e+00 -5.109160423278808594e+00 4.394205570220947266e+00 3.141630887985229492e+00 -2.494293451309204102e+00
-9.034705758094787598e-01 -3.909011840820312500e+00 -3.568052530288696289e+00 4.477193951606750488e-01 -8.278203606605529785e-01 1.467716979980468750e+01 5.769271403551101685e-02 -5.725340843200683594e+00 5.397205352783203125e+00 -5.587443351745605469e+00
-7.201490402221679688e-01 9.556965529918670654e-02 -1.266067147254943848e+00 -1.690038681030273438e+00 -1.612126231193542480e+00 3.880692005157470703e+00 7.961485862731933594e+00 -8.612089157104492188e+00 4.992829322814941406e+00 -1.477417826652526855e+00
-1.010941982269287109e+00 -1.045299768447875977e+00 -1.396830201148986816e+00 2.441451787948608398e+00 -6.918295860290527344e+00 9.623569488525390625e+00 -1.079405188560485840e+00 -5.891863822937011719e+00 3.657241582870483398e+00 2.436635971069335938e+00
-6.375740051269531250e+00 9.803166389465332031e+00 -5.361001491546630859e-01 1.956443190574645996e+00 -5.314394235610961914e-01 -3.303956031799316406e+00 -1.714931428432464600e-01 8.745761960744857788e-02 2.988064289093017578e+00 -1.451613426208496094e+00
-3.891411781311035156e+00 -4.574672698974609375e+00 -2.726544618606567383e+00 -1.372954368591308594e+00 1.079871559143066406e+01 2.011263847351074219e+00 -4.802759885787963867e-01 1.450895667076110840e+00 -2.358136415481567383e+00 1.118701457977294922e+00
-1.600559353828430176e+00 1.266368031501770020e+00 5.440849065780639648e-01 1.118900775909423828e+00 -5.047332286834716797e+00 3.594025850296020508e+00 -2.272097826004028320e+00 -2.432253122329711914e+00 1.096512126922607422e+01 -2.298573017120361328e+00
-2.257763862609863281e+00 -5.036641359329223633e-01 -4.037136077880859375e+00 9.719170331954956055e-01 -5.970905780792236328e+00 1.551074028015136719e+01 5.280126094818115234e+00 -1.226013565063476562e+01 3.865115642547607422e+00 -1.636717021465301514e-01
-7.081352233886718750e+00 7.944223880767822266e+00 -2.026216983795166016e+00 1.019389510154724121e+00 2.264187037944793701e-01 1.349016904830932617e+00 -3.491993546485900879e-01 -8.221476078033447266e-01 3.539012193679809570e+00 -1.799668788909912109e+00
-3.909328579902648926e-01 -2.918564796447753906e+00 -2.441234827041625977e+00 1.495093536376953125e+01 -8.197753906250000000e+00 4.872031688690185547e+00 -1.383821964263916016e+01 -3.170079946517944336e+00 5.997455596923828125e+00 6.628330230712890625e+00
1.198141098022460938e+01 -6.048927783966064453e+00 2.515704393386840820e+00 -4.829534530639648438e+00 -5.492172718048095703e+00 1.577142953872680664e+00 2.038222789764404297e+00 4.815959632396697998e-01 -1.373097181320190430e+00 7.891718149185180664e-01
-1.311383724212646484e+00 -1.183833718299865723e+00 -3.629773378372192383e+00 4.067616462707519531e+00 -5.846189975738525391e+00 1.068991088867187500e+01 -4.477914571762084961e-01 -6.077019691467285156e+00 1.388566017150878906e+00 2.445937395095825195e+00
-1.095647811889648438e+00 -5.081398963928222656e+00 -2.813616037368774414e+00 6.223789215087890625e+00 -1.119126987457275391e+01 1.986800193786621094e+01 -4.237851142883300781e+00 -9.217324256896972656e+00 4.201028347015380859e+00 3.492171049118041992e+00
-1.424871444702148438e+00 -1.022204875946044922e+00 1.532627296447753906e+01 4.932617664337158203e+00 6.642261743545532227e-01 -7.475143909454345703e+00 2.941274166107177734e+00 -3.260665655136108398e+00 -1.959301233291625977e+00 -7.638141632080078125e+00
-2.084328174591064453e+00 5.110172748565673828e+00 5.573509335517883301e-01 -1.804371953010559082e+00 -5.982835292816162109e-01 1.954032778739929199e-01 2.536653518676757812e+00 -7.103413939476013184e-01 1.387905597686767578e+00 -3.453581094741821289e+00
-3.189885616302490234e+00 7.799279689788818359e-01 -1.514001190662384033e-01 1.807721495628356934e+00 -6.493873000144958496e-01 2.747763395309448242e+00 2.683722019195556641e+00 -6.790427207946777344e+00 7.623111724853515625e+00 -3.564833879470825195e+00
-3.101841449737548828e+00 2.777885913848876953e+00 -1.910069882869720459e-01 1.215815734863281250e+01 -4.103186607360839844e+00 2.964014291763305664e+00 -9.120963096618652344e+00 -2.597478628158569336e-01 -1.881682157516479492e+00 1.882908642292022705e-01
-8.645918846130371094e+00 8.666110992431640625e+00 1.520598292350769043e+00 2.244140386581420898e+00 -1.206562280654907227e+00 3.786253333091735840e-01 3.049498796463012695e+00 -1.093531727790832520e+00 2.320791482925415039e+00 -5.059177875518798828e+00
-2.492869377136230469e+00 -8.565002441406250000e+00 -4.718251705169677734e+00 2.319524049758911133e+00 5.231606483459472656e+00 5.684530138969421387e-01 -7.896775722503662109e+00 1.044936656951904297e+00 3.085287332534790039e+00 1.403826522827148438e+01
-3.451121330261230469e+00 -4.896886348724365234e+00 1.215427637100219727e+00 -5.031715393066406250e+00 1.100760078430175781e+01 -2.442746162414550781e+00 2.807787418365478516e+00 -2.961672067642211914e+00 4.101940155029296875e+00 1.192876100540161133e+00
-1.197490811347961426e+00 1.891688227653503418e+00 -1.048058271408081055e+00 9.141617417335510254e-01 -2.359264612197875977e+00 8.512868881225585938e+00 -4.064050316810607910e-01 -1.577104091644287109e+00 1.260197877883911133e+00 -5.485450267791748047e+00
2.936270713806152344e+00 -4.049939155578613281e+00 1.219191551208496094e+00 -2.167201280593872070e+00 -2.576717138290405273e-01 1.194450378417968750e+00 1.135096740722656250e+01 -6.430951595306396484e+00 1.773126363754272461e+00 -4.794849872589111328e+00
-7.681904435157775879e-01 -9.678706169128417969e+00 -1.516651272773742676e+00 1.084898233413696289e+00 3.743796348571777344e+00 4.565609991550445557e-02 -5.921885490417480469e+00 4.030325412750244141e-01 2.096680879592895508e+00 1.212919139862060547e+01
1.522272300720214844e+01 -9.472261428833007812e+00 5.459665298461914062e+00 -2.122784852981567383e+00 -9.030235290527343750e+00 1.033547997474670410e+00 -5.178365111351013184e-01 -1.794832229614257812e+00 1.400160312652587891e+00 2.186105489730834961e+00
-7.096181511878967285e-01 -4.380187690258026123e-01 4.661194682121276855e-01 4.175102233886718750e+00 -2.644014835357666016e+00 -6.129356622695922852e-01 -4.772689819335937500e+00 -3.645446538925170898e+00 1.096665287017822266e+01 7.848401069641113281e-01
-4.981546401977539062e+00 2.479150295257568359e+00 2.800292491912841797e+00 1.448274993896484375e+01 -6.929390430450439453e+00 -4.602527022361755371e-01 -9.456704139709472656e+00 -5.259074211120605469e+00 7.675575733184814453e+00 1.576593875885009766e+00
2.095596122741699219e+01 -1.345782279968261719e+01 4.379081726074218750e+00 -3.400279045104980469e+00 -6.587843418121337891e+00 -2.379688501358032227e+00 1.915848493576049805e+00 -2.567860841751098633e+00 3.309509158134460449e-01 3.231633901596069336e+00
2.193972110748291016e+00 -4.135626792907714844e+00 1.073329567909240723e+00 -5.376270294189453125e+00 1.799272298812866211e+00 3.693248033523559570e+00 1.033635330200195312e+01 -8.490369796752929688e+00 3.482857346534729004e-01 -1.119844555854797363e+00
-5.114677548408508301e-01 -6.449382305145263672e+00 1.293431186676025391e+01 4.643437385559082031e+00 4.187185764312744141e+00 -6.436904430389404297e+00 -8.760749101638793945e-01 -2.257727384567260742e+00 -3.159940838813781738e-01 -3.804097414016723633e+00
2.266820430755615234e+00 -6.634886741638183594e+00 3.128861904144287109e+00 2.284955263137817383e+00 -2.248614072799682617e+00 3.461977005004882812e+00 -4.442926406860351562e+00 -4.885678768157958984e+00 5.776081085205078125e+00 2.417906284332275391e+00
-1.994881153106689453e+00 3.786685228347778320e+00 1.216626167297363281e+01 2.740193843841552734e+00 -3.307580471038818359e+00 -5.530247211456298828e+00 1.099745631217956543e+00 7.795559167861938477e-01 -8.838301301002502441e-01 -7.073997020721435547e+00
-9.154611825942993164e-01 -6.635162830352783203e+00 -3.741171360015869141e+00 3.702303171157836914e-01 4.054893180727958679e-02 3.348550558090209961e+00 -2.143089294433593750e+00 1.332760334014892578e+00 7.434698343276977539e-01 9.415729522705078125e+00
1.675262570381164551e+00 -6.180579185485839844e+00 1.331521701812744141e+01 4.156687736511230469e+00 9.632949829101562500e-01 -7.413230895996093750e+00 -2.878262042999267578e+00 -1.743401885032653809e-01 4.441691040992736816e-01 -1.842068195343017578e+00
2.320385932922363281e+00 -1.967939734458923340e+00 9.278843402862548828e-01 -2.557197093963623047e+00 -2.844805717468261719e+00 7.726793289184570312e+00 1.085935878753662109e+01 -9.958317756652832031e+00 -2.847350597381591797e+00 -1.705414175987243652e+00
-4.067152023315429688e+00 -2.336041688919067383e+00 -9.109358191490173340e-01 7.424381256103515625e+00 -4.018188953399658203e+00 3.177717924118041992e+00 -8.502657890319824219e+00 -1.561236023902893066e+00 1.360107707977294922e+01 1.639479756355285645e+00
-2.094447612762451172e+00 -9.367525577545166016e-02 8.472852706909179688e+00 3.824768304824829102e+00 -2.367009878158569336e+00 -2.332206726074218750e+00 -3.766319274902343750e+00 5.938735008239746094e+00 -1.889106631278991699e-02 -5.182807922363281250e+00
-4.226230144500732422e+00 -6.167910099029541016e+00 -1.443858504295349121e+00 -1.984509825706481934e+00 9.392076492309570312e+00 9.858497977256774902e-01 -7.697833180427551270e-01 1.147184967994689941e+00 -4.296593666076660156e-01 3.893137454986572266e+00
3.135282516479492188e+00 -7.384185314178466797e+00 3.628787040710449219e+00 -1.664783477783203125e+00 2.667257785797119141e+00 -2.407199382781982422e+00 1.143669319152832031e+01 -6.118106365203857422e+00 2.759515941143035889e-01 -2.026592254638671875e+00
1.244522380828857422e+01 -7.977647304534912109e+00 4.156716823577880859e+00 -1.213172674179077148e-01 -4.464044094085693359e+00 -1.093312978744506836e+00 2.392835617065429688e+00 -4.068318843841552734e+00 9.362909197807312012e-02 1.589941382408142090e-01
2.116490364074707031e+00 -8.778100013732910156e+00 2.756634950637817383e+00 3.383055210113525391e+00 -5.566483974456787109e+00 -9.351573586463928223e-01 -1.556713294982910156e+01 1.778592681884765625e+01 -2.850401997566223145e-01 9.553963661193847656e+00
2.400669574737548828e+00 -3.146660566329956055e+00 1.019535255432128906e+01 2.476524114608764648e+00 -4.217539787292480469e+00 -3.916489839553833008e+00 -2.720411539077758789e+00 8.531727194786071777e-01 2.187182903289794922e+00 -1.718676924705505371e+00
-3.525436878204345703e+00 -3.253339290618896484e+00 -1.541410923004150391e+00 3.616254806518554688e+00 -3.523266077041625977e+00 6.781664371490478516e+00 6.524538993835449219e-01 -9.710276603698730469e+00 1.422375106811523438e+01 -4.350627064704895020e-01
1.757443046569824219e+01 -1.153727340698242188e+01 2.232033729553222656e+00 -2.180423736572265625e+00 -6.185179233551025391e+00 1.370102882385253906e+00 2.049534559249877930e+00 -2.940625667572021484e+00 7.332174777984619141e-01 7.223764061927795410e-01
-3.764560699462890625e+00 9.252414703369140625e+00 1.165394186973571777e+00 2.517758369445800781e+00 -2.297086715698242188e+00 -5.812569141387939453e+00 -6.309998512268066406e+00 4.235974311828613281e+00 3.315227985382080078e+00 1.300613999366760254e+00
-4.567077636718750000e+00 -2.168994665145874023e+00 9.123704396188259125e-03 5.248100757598876953e+00 -3.558316826820373535e-01 3.116832375526428223e-01 -8.275813102722167969e+00 -2.228187561035156250e+00 1.345690727233886719e+01 2.358913183212280273e+00
-2.148589134216308594e+00 -6.664488315582275391e+00 1.077470660209655762e+00 -3.463862180709838867e+00 1.088738155364990234e+01 -3.700397253036499023e+00 -4.148181676864624023e-01 5.459830164909362793e-01 5.856345891952514648e-01 4.333483695983886719e+00
-5.648622989654541016e+00 -5.226485729217529297e+00 -1.305617332458496094e+00 1.590971469879150391e+00 8.771838188171386719e+00 -1.833771467208862305e+00 -4.663660049438476562e+00 1.640025138854980469e+00 2.306320428848266602e+00 5.624385356903076172e+00
-1.786728620529174805e+00 -2.080210685729980469e+00 -3.373934984207153320e+00 4.598063826560974121e-01 -2.975821733474731445e+00 1.587895965576171875e+01 8.732910156250000000e-01 -7.430287361145019531e+00 5.503164768218994141e+00 -4.469716072082519531e+00
1.360589504241943359e+01 -1.169430923461914062e+01 6.801145672798156738e-01 -1.972462296485900879e+00 -2.270608901977539062e+00 7.611885666847229004e-01 -3.326431810855865479e-01 9.077267348766326904e-02 1.620805263519287109e-01 2.552283525466918945e+00
3.537962436676025391e+00 -1.339210152626037598e+00 1.295794582366943359e+01 4.808793067932128906e+00 -9.032523155212402344e+00 -2.918388128280639648e+00 -7.227370738983154297e+00 2.160548448562622070e+00 2.021718978881835938e+00 -2.142297029495239258e+00
-2.943543910980224609e+00 -3.738224506378173828e-03 5.963202476501464844e+00 1.303895664215087891e+01 -1.009433460235595703e+01 1.886781454086303711e+00 -6.699751853942871094e+00 -4.476521492004394531e+00 5.326255321502685547e+00 -2.033018879592418671e-02
-4.153048992156982422e+00 -9.637222290039062500e+00 -8.609002828598022461e-02 -2.964110374450683594e+00 1.294983196258544922e+01 -1.699757337570190430e+00 1.726903676986694336e+00 1.287720799446105957e+00 6.828539073467254639e-02 3.230134963989257812e+00
-8.513618469238281250e+00 -1.781780838966369629e+00 -1.059042692184448242e+00 -5.010617971420288086e-01 9.788018226623535156e+00 -2.487717866897583008e-01 -4.340605139732360840e-01 -3.334914147853851318e-01 3.178436040878295898e+00 1.533794045448303223e+00
1.136884212493896484e+01 -7.258028030395507812e+00 5.030652523040771484e+00 -2.974332332611083984e+00 -4.217781543731689453e+00 -2.858601331710815430e+00 6.500160098075866699e-01 9.897254109382629395e-01 -1.450976371765136719e+00 2.808732986450195312e+00
-3.158104896545410156e+00 -1.834111332893371582e+00 -4.603363037109375000e+00 5.022366046905517578e+00 2.451728105545043945e+00 -4.580309391021728516e+00 -1.283034133911132812e+01 5.015978813171386719e+00 5.749938011169433594e+00 1.361352825164794922e+01
1.216175842285156250e+01 -7.289536476135253906e+00 2.990694284439086914e+00 -1.114476084709167480e+00 -3.680467844009399414e+00 -2.856121957302093506e-01 -1.815003305673599243e-01 2.175491601228713989e-01 -1.959756374359130859e+00 5.338917970657348633e-01
-5.317175865173339844e+00 9.306109428405761719e+00 -2.084793746471405029e-01 2.262647598981857300e-01 5.551953315734863281e-01 -3.591528654098510742e+00 -3.762651681900024414e-01 1.942453742027282715e+00 1.262240648269653320e+00 -1.490503311157226562e+00
-1.010627746582031250e+00 -1.632642745971679688e+00 -4.146884918212890625e+00 2.723350524902343750e+00 -3.244982004165649414e+00 1.032828903198242188e+01 6.326490402221679688e+00 -1.018936157226562500e+01 1.741836071014404297e+00 -1.372633337974548340e+00
-2.520981311798095703e+00 -1.039747357368469238e+00 -6.177819147706031799e-02 3.749113559722900391e+00 -1.858409881591796875e+00 -1.037735223770141602e+00 -5.749258041381835938e+00 -1.688773870468139648e+00 1.194475746154785156e+01 2.581793069839477539e+00
-3.314193725585937500e+00 1.974788904190063477e-01 2.684365510940551758e+00 4.931272983551025391e+00 -2.196724414825439453e+00 -3.672019481658935547e+00 -1.136882305145263672e+01 1.056554031372070312e+01 3.388142108917236328e+00 3.064141511917114258e+00
-3.382359504699707031e+00 6.717581272125244141e+00 9.821454882621765137e-01 8.947094678878784180e-01 -1.002407908439636230e+00 -2.114793062210083008e+00 -1.979440689086914062e+00 2.548178911209106445e+00 1.144807815551757812e+00 -2.081377983093261719e+00
-1.166913151741027832e+00 6.630773067474365234e+00 1.463312435150146484e+01 5.708808898925781250e+00 -1.297650146484375000e+01 -4.415476322174072266e+00 -4.245700836181640625e+00 3.540671110153198242e+00 3.322110176086425781e+00 -7.285885334014892578e+00
-6.443516254425048828e+00 -2.737894773483276367e+00 -2.874458551406860352e+00 2.258712768554687500e+00 6.061269283294677734e+00 -1.964215517044067383e+00 -5.393713951110839844e+00 4.897988140583038330e-01 4.778614521026611328e+00 8.672603607177734375e+00
