-3.900301933288574219e+00 1.958367705345153809e+00 2.579717040061950684e-01 1.101954936981201172e+01 -4.478147506713867188e+00 2.231749296188354492e+00 -3.333754539489746094e+00 -2.201961278915405273e+00 -1.053859710693359375e+00 -3.224065899848937988e-01
-2.872669994831085205e-01 -6.149670124053955078e+00 2.371889591217041016e+00 -3.372143507003784180e+00 4.608534336090087891e+00 5.880867242813110352e-01 3.692388772964477539e+00 -6.336623430252075195e-01 5.057690739631652832e-01 -4.765369296073913574e-01
-8.380054831504821777e-01 -1.643784761428833008e+00 3.696946382522583008e+00 3.340894699096679688e+00 -5.271106719970703125e+00 -1.330407142639160156e+00 -1.170421409606933594e+01 1.277059745788574219e+01 2.026618719100952148e-01 4.736480712890625000e+00
-6.814516067504882812e+00 1.081730556488037109e+01 1.411461114883422852e+00 2.679315805435180664e+00 -1.237214326858520508e+00 -6.532935142517089844e+00 -1.644232392311096191e+00 2.583816289901733398e+00 3.046392202377319336e+00 -7.007430195808410645e-01
-3.239623308181762695e-01 -6.900595188140869141e+00 2.947502613067626953e+00 1.796261906623840332e+00 -1.978054165840148926e+00 -6.875976920127868652e-01 -5.950914382934570312e+00 -3.531641721725463867e+00 1.557571983337402344e+01 3.637858629226684570e+00
1.163335561752319336e+00 -3.769197463989257812e+00 5.520339488983154297e+00 6.598449707031250000e+00 -6.447926044464111328e+00 -3.744059801101684570e+00 -1.388654232025146484e+01 1.596895027160644531e+01 -1.531275033950805664e+00 4.446989536285400391e+00
-3.417139053344726562e-01 3.114189207553863525e-01 4.268170297145843506e-01 8.037487030029296875e+00 -4.455987453460693359e+00 2.908044099807739258e+00 -8.187571525573730469e+00 -6.129902005195617676e-01 1.660908937454223633e+00 5.559063553810119629e-01
-5.477782726287841797e+00 1.283854126930236816e+00 1.892002105712890625e+00 4.806276798248291016e+00 -7.207558751106262207e-01 9.522268176078796387e-01 -4.602081298828125000e+00 8.147198557853698730e-01 2.726264476776123047e+00 -3.466451168060302734e-01
-2.513461589813232422e+00 -5.623719215393066406e+00 -2.145887613296508789e+00 -2.046706676483154297e+00 9.243735313415527344e+00 1.469068229198455811e-02 -3.704352140426635742e+00 2.160123348236083984e+00 -2.273120164871215820e+00 7.713888645172119141e+00
9.749124526977539062e+00 -7.617891788482666016e+00 2.453428745269775391e+00 -2.405835151672363281e+00 -1.980786323547363281e-01 -1.866076946258544922e+00 1.037863969802856445e+00 9.464462995529174805e-01 -1.843828916549682617e+00 1.264613747596740723e+00
1.897117495536804199e+00 -4.027250289916992188e+00 8.066951632499694824e-01 -1.270836830139160156e+00 9.341979622840881348e-01 6.963019371032714844e-01 1.160183620452880859e+01 -4.490984439849853516e+00 1.270094394683837891e+00 -6.301874160766601562e+00
1.600563049316406250e+01 -1.187484073638916016e+01 5.569511413574218750e+00 -1.072169184684753418e+00 -3.054673671722412109e+00 -2.813896894454956055e+00 2.120569795370101929e-01 -3.426411867141723633e+00 4.546874165534973145e-01 1.941932916641235352e+00
-2.794066369533538818e-01 -9.714306831359863281e+00 1.626467466354370117e+00 -4.520347118377685547e+00 9.792029380798339844e+00 1.407513141632080078e+00 1.257615804672241211e+00 4.037730991840362549e-01 -3.424475193023681641e-01 8.847306966781616211e-01
-2.948503971099853516e+00 -3.139514923095703125e+00 -1.126008749008178711e+00 3.218384265899658203e+00 8.137074708938598633e-01 -2.420363187789916992e+00 -6.363890647888183594e+00 3.359120368957519531e+00 3.470660924911499023e+00 9.031975746154785156e+00
2.006969928741455078e+00 -6.850461959838867188e+00 7.064666152000427246e-01 1.124126911163330078e+00 1.670723438262939453e+00 1.390332460403442383e+00 -1.069134521484375000e+01 1.049853801727294922e+01 -1.960331439971923828e+00 3.738508939743041992e+00
1.460002899169921875e+00 -2.283982038497924805e+00 -2.858049154281616211e+00 -1.097157076001167297e-01 -2.667135238647460938e+00 1.091809368133544922e+01 -2.442808598279953003e-01 -4.301016330718994141e+00 2.687516450881958008e+00 -1.958168864250183105e+00
-5.946633219718933105e-01 -1.329282641410827637e+00 6.419465065002441406e+00 8.276655197143554688e+00 -7.519815921783447266e+00 -5.815689086914062500e+00 -1.645613670349121094e+01 1.761217498779296875e+01 1.271051406860351562e+00 3.973039388656616211e+00
-3.934908390045166016e+00 -5.556881904602050781e+00 -2.756777048110961914e+00 -1.108771562576293945e-01 1.155783176422119141e+00 5.618353366851806641e+00 -2.673547506332397461e+00 -6.680884361267089844e-01 2.227624416351318359e+00 7.941956996917724609e+00
-4.438304424285888672e+00 1.026284813880920410e+00 -3.834939002990722656e+00 1.648356056213378906e+01 -9.253727912902832031e+00 1.086285495758056641e+01 -1.148377895355224609e+01 -3.937474489212036133e+00 3.650381326675415039e+00 1.787733793258666992e+00
-2.130124092102050781e+00 -6.634359359741210938e+00 1.329482793807983398e+00 1.987622857093811035e+00 3.070974826812744141e+00 -8.333866000175476074e-01 -7.810216426849365234e+00 3.483058452606201172e+00 2.517687678337097168e-01 9.421760559082031250e+00
1.488570094108581543e+00 -6.659955501556396484e+00 3.948261737823486328e-01 1.925562143325805664e+00 -2.562784671783447266e+00 1.628795862197875977e+00 -1.040984058380126953e+01 1.475385379791259766e+01 -3.523754358291625977e+00 5.184083461761474609e+00
-4.645196437835693359e+00 -3.481625556945800781e+00 2.035846859216690063e-01 1.833904623985290527e+00 -1.650592565536499023e+00 8.310601234436035156e+00 -6.280563354492187500e+00 4.296768903732299805e-01 1.847624063491821289e+00 4.345403194427490234e+00
-8.619871139526367188e-01 -8.549930572509765625e+00 3.798803329467773438e+00 4.229653835296630859e+00 -2.993319511413574219e+00 -1.193038463592529297e+00 -9.645915985107421875e+00 9.302442669868469238e-01 1.397601127624511719e+01 5.151999950408935547e+00
1.748771667480468750e+00 -1.952873110771179199e+00 3.893769025802612305e+00 -2.702547550201416016e+00 -1.335108160972595215e+00 -1.238456249237060547e+00 -1.984673142433166504e+00 -1.771718144416809082e+00 8.584006309509277344e+00 4.024560749530792236e-01
-1.683902740478515625e+00 -5.979995727539062500e+00 -9.673525094985961914e-01 -2.122478723526000977e+00 1.809125900268554688e+00 3.933490514755249023e+00 5.192924499511718750e+00 -6.976622104644775391e+00 8.613313674926757812e+00 -2.369273155927658081e-01
-2.252884387969970703e+00 -4.194152832031250000e+00 2.649430990219116211e+00 -4.462109565734863281e+00 3.136389732360839844e+00 2.616763830184936523e+00 1.376300907135009766e+01 -6.755646228790283203e+00 2.335668087005615234e+00 -5.473445892333984375e+00
-1.771726846694946289e+00 -4.041308879852294922e+00 -5.808535031974315643e-03 1.121595859527587891e+00 3.393092453479766846e-01 -1.767557859420776367e-02 -1.099239921569824219e+01 1.332045650482177734e+01 -1.779824256896972656e+00 7.508952617645263672e+00
-4.018658161163330078e+00 -9.350990295410156250e+00 -3.175548791885375977e+00 -2.306555032730102539e+00 1.583898925781250000e+01 -4.663861751556396484e+00 -1.491026043891906738e+00 2.249080657958984375e+00 3.230491876602172852e+00 5.679384231567382812e+00
8.993773460388183594e+00 -6.047843456268310547e+00 2.226160466670989990e-01 1.235962390899658203e+00 -4.015717983245849609e+00 6.941975951194763184e-01 2.383615016937255859e+00 -2.732392311096191406e+00 -3.007426261901855469e-01 1.087343454360961914e+00
1.521749496459960938e+00 -5.747320175170898438e+00 -3.381596326828002930e+00 4.273587703704833984e+00 -3.856585502624511719e+00 3.605221271514892578e+00 -6.865562915802001953e+00 1.160391569137573242e+00 2.209996700286865234e+00 8.481923103332519531e+00
-8.097019195556640625e+00 -3.201993465423583984e+00 -2.495087385177612305e+00 1.604407548904418945e+00 1.161181545257568359e+01 -3.921013593673706055e+00 -5.517193794250488281e+00 3.190498590469360352e+00 2.906564474105834961e+00 6.370205879211425781e+00
-3.367130756378173828e-01 -5.042079925537109375e+00 2.700979948043823242e+00 -5.803219318389892578e+00 5.323944568634033203e+00 1.324092149734497070e+00 1.372902965545654297e+01 -8.389410018920898438e+00 7.121260762214660645e-01 -3.306593179702758789e+00
-7.537888288497924805e-01 -9.084699630737304688e+00 -3.802863597869873047e+00 4.810785293579101562e+00 -7.038536071777343750e+00 2.038268089294433594e+01 -1.049078941345214844e+01 -3.206987380981445312e+00 6.454606056213378906e+00 3.114939451217651367e+00
-7.517710328102111816e-03 -7.404285907745361328e+00 2.923318862915039062e+00 -2.113489389419555664e+00 8.935073852539062500e+00 -3.567906379699707031e+00 -2.878979921340942383e+00 3.794879674911499023e+00 -4.073198795318603516e+00 4.779510021209716797e+00
-5.333571910858154297e+00 -5.608237981796264648e-01 -1.369977712631225586e+00 7.697490692138671875e+00 -3.026831388473510742e+00 7.986964702606201172e+00 -3.049534797668457031e+00 -5.082545280456542969e+00 2.931474208831787109e+00 -2.590692937374114990e-01
-2.394586563110351562e+00 -1.776293873786926270e+00 9.478206634521484375e+00 2.238315582275390625e+00 2.327612638473510742e+00 -3.346509218215942383e+00 -5.932819843292236328e-02 2.288704872131347656e+00 -2.630512237548828125e+00 -5.078588008880615234e+00
-3.440761566162109375e+00 1.008020210266113281e+01 3.416852235794067383e+00 -2.537335455417633057e-01 -1.773500680923461914e+00 -5.526645183563232422e+00 3.197331428527832031e-01 1.019581556320190430e+00 2.848311424255371094e+00 -3.728249073028564453e+00
-1.411481380462646484e+00 -3.687299966812133789e+00 4.314506530761718750e+00 -7.980768084526062012e-01 -2.153866291046142578e+00 2.030891418457031250e+00 3.682287216186523438e+00 -5.920430183410644531e+00 1.017469024658203125e+01 -3.823179483413696289e+00
-9.268368482589721680e-01 4.101871967315673828e+00 1.407086944580078125e+01 7.617809295654296875e+00 -1.308817768096923828e+01 5.561230182647705078e-01 -4.597087860107421875e+00 -2.462912797927856445e+00 5.973946571350097656e+00 -8.242447853088378906e+00
-2.324485778808593750e+00 -7.287997007369995117e-01 4.800194874405860901e-02 2.820665359497070312e+00 -3.546885251998901367e-01 1.967081546783447266e+00 -1.510021924972534180e+00 -3.399664163589477539e+00 6.302464485168457031e+00 -1.543401598930358887e+00
-5.311379432678222656e-01 1.013028740882873535e+00 3.090708017349243164e+00 1.083227252960205078e+01 -6.924755573272705078e+00 1.524186611175537109e+00 -6.785286903381347656e+00 -2.617733240127563477e+00 1.822260618209838867e+00 -4.440494477748870850e-01
-1.737702488899230957e+00 -4.025001525878906250e+00 2.629019975662231445e+00 -1.659275293350219727e+00 1.876231789588928223e+00 -1.287247180938720703e+00 1.015241146087646484e+01 -1.423532724380493164e+00 1.479681491851806641e+00 -4.131863594055175781e+00
-4.678685188293457031e+00 9.862410545349121094e+00 9.174816012382507324e-01 -1.537104547023773193e-01 -7.421056628227233887e-01 -2.758364915847778320e+00 4.995482508093118668e-03 1.451105237007141113e+00 1.501245975494384766e+00 -3.393489122390747070e+00
1.524799346923828125e+00 -3.416539192199707031e+00 1.102735161781311035e+00 -3.161961317062377930e+00 2.757144212722778320e+00 -6.902362704277038574e-01 9.168622970581054688e+00 -1.762964844703674316e+00 -7.667146921157836914e-01 -3.757155895233154297e+00
-3.511227607727050781e+00 -8.303492546081542969e+00 -4.215507030487060547e+00 4.307164192199707031e+00 1.770981431007385254e+00 7.190143465995788574e-01 -8.450832366943359375e+00 3.881302595138549805e+00 3.430353164672851562e+00 1.326689815521240234e+01
4.714722633361816406e-01 -3.512094259262084961e+00 3.311536073684692383e+00 5.143773078918457031e+00 -6.720739364624023438e+00 1.982844114303588867e+00 -1.244375801086425781e+01 1.441587734222412109e+01 -2.866043329238891602e+00 3.212734222412109375e+00
9.660741090774536133e-01 -1.511100053787231445e+00 -1.490442872047424316e+00 1.125986456871032715e+00 -2.387910842895507812e+00 6.268661022186279297e+00 -3.186376094818115234e-01 -1.939999498426914215e-02 -8.827574849128723145e-01 -1.489193797111511230e+00
-3.222692966461181641e+00 -3.710346698760986328e+00 -1.122858166694641113e+00 -7.388887405395507812e-01 6.485193729400634766e+00 -4.881538748741149902e-01 -1.039041161537170410e+00 1.312978982925415039e+00 -4.522751867771148682e-01 3.639340400695800781e+00
1.562994098663330078e+01 -1.047675704956054688e+01 5.693501472473144531e+00 1.686934530735015869e-01 -1.241526699066162109e+01 7.905312061309814453e+00 -2.160559177398681641e+00 -4.712417602539062500e+00 3.173546552658081055e+00 -4.593646526336669922e-01
2.507848739624023438e+00 -6.339945316314697266e+00 3.591652393341064453e+00 -3.076331853866577148e+00 1.289715766906738281e+00 -2.679401636123657227e-01 1.597270679473876953e+01 -4.957845687866210938e+00 -2.456335425376892090e-01 -6.803078651428222656e+00
-2.101159572601318359e+00 -3.629928112030029297e+00 2.308691263198852539e+00 5.015668392181396484e+00 -3.640101432800292969e+00 3.449062108993530273e-01 -1.455552101135253906e+01 1.537495040893554688e+01 -8.242176771163940430e-01 5.527092456817626953e+00
-2.976222038269042969e+00 -2.447223067283630371e-01 2.014522552490234375e+00 1.533172702789306641e+01 -6.399277210235595703e+00 3.871947526931762695e-01 -1.401466369628906250e+01 9.541943073272705078e-01 3.025323629379272461e+00 3.496925830841064453e+00
-4.103613376617431641e+00 -5.359092950820922852e-01 -3.698705911636352539e+00 1.843596100807189941e+00 1.374020338058471680e+00 2.379074811935424805e+00 -2.401641160249710083e-01 -5.312830448150634766e+00 9.691304206848144531e+00 8.771907687187194824e-01
-1.741035819053649902e+00 -7.361147880554199219e+00 9.931542873382568359e-01 6.604185581207275391e+00 -5.012272357940673828e+00 -6.246772408485412598e-02 -1.045305156707763672e+01 1.400119900703430176e+00 1.559504032135009766e+01 5.203395843505859375e+00
3.619810581207275391e+00 -4.292976379394531250e+00 -1.643395125865936279e-01 1.784054517745971680e+00 -5.582982897758483887e-01 4.908955574035644531e+00 -5.850362181663513184e-01 -5.469079315662384033e-02 -2.114258527755737305e+00 -2.914696931838989258e+00
-2.061491727828979492e+00 -2.685621500015258789e+00 1.370428562164306641e+00 6.415521144866943359e+00 -4.927593708038330078e+00 1.211323514580726624e-01 -6.770812034606933594e+00 -1.590689778327941895e+00 1.122483062744140625e+01 2.708703279495239258e+00
1.139881801605224609e+01 -6.895189285278320312e+00 4.249908924102783203e+00 -1.330008745193481445e+00 -1.011504364013671875e+01 3.148050069808959961e+00 -2.419936180114746094e+00 2.034674644470214844e+00 -6.538481712341308594e-01 2.864155054092407227e+00
9.906656265258789062e+00 -6.818208694458007812e+00 3.835427761077880859e+00 -3.741939067840576172e+00 -1.725140810012817383e+00 -3.462632894515991211e-01 4.457788467407226562e+00 -2.716751098632812500e+00 5.847263336181640625e-02 -1.272308230400085449e+00
-1.017620563507080078e+00 -2.106446743011474609e+00 4.520152091979980469e+00 -2.756691694259643555e+00 1.748899102210998535e+00 -1.704245805740356445e+00 1.315165328979492188e+01 -6.303133010864257812e+00 1.301472187042236328e+00 -5.251342296600341797e+00
-1.480145692825317383e+00 -1.560078740119934082e+00 5.659519672393798828e+00 8.075210571289062500e+00 -1.715185880661010742e+00 -7.856401920318603516e+00 -1.375263881683349609e+01 1.107707786560058594e+01 2.967421531677246094e+00 2.690767765045166016e+00
-5.026478290557861328e+00 -5.299270153045654297e+00 -1.859319567680358887e+00 -1.714030027389526367e+00 3.829841613769531250e+00 6.104639530181884766e+00 -5.926420539617538452e-02 -4.223903179168701172e+00 1.252607917785644531e+01 -1.783939123153686523e+00
-2.533021450042724609e+00 -4.472368240356445312e+00 7.242362499237060547e-01 5.056342124938964844e+00 -4.283644855022430420e-01 -2.037763833999633789e+00 -7.429462909698486328e+00 2.197795808315277100e-01 1.045211887359619141e+01 4.427105903625488281e+00
-4.904404163360595703e+00 -5.099178314208984375e+00 -2.261275291442871094e+00 -7.233014702796936035e-01 9.257208824157714844e+00 5.269044637680053711e-01 -3.411843299865722656e+00 2.044088125228881836e+00 5.834738016128540039e-01 5.104764461517333984e+00
-3.988471031188964844e+00 6.580221176147460938e+00 1.183525085449218750e+00 8.439463376998901367e-01 -1.998200416564941406e-01 -2.283898115158081055e+00 -1.502116203308105469e+00 1.522847533226013184e+00 1.929130077362060547e+00 -2.477761507034301758e+00
2.609849452972412109e+00 -5.142271518707275391e+00 -1.049348115921020508e+00 6.479336023330688477e-01 -2.168519973754882812e+00 2.161243200302124023e+00 -1.378123641014099121e+00 -4.529862880706787109e+00 6.621700286865234375e+00 4.275247573852539062e+00
-2.063396930694580078e+00 2.732745885848999023e+00 3.290688037872314453e+00 1.893507719039916992e+00 -4.242641448974609375e+00 -2.001924991607666016e+00 -2.851414918899536133e+00 -3.029332637786865234e+00 1.054273986816406250e+01 -5.622488260269165039e-02
-5.363434791564941406e+00 -3.548627853393554688e+00 -2.664222717285156250e+00 -2.967906713485717773e+00 1.322250175476074219e+01 -1.603928089141845703e+00 -1.477509498596191406e+00 1.731287479400634766e+00 -7.925143092870712280e-02 3.686363935470581055e+00
-5.115025997161865234e+00 1.016019058227539062e+01 2.124812304973602295e-01 1.444586515426635742e-01 -7.387133687734603882e-02 -4.514464855194091797e+00 3.693848103284835815e-02 1.422527313232421875e+00 2.355257034301757812e+00 -1.750093698501586914e+00
-8.891094923019409180e-01 -3.034344434738159180e+00 -5.042212605476379395e-01 -2.069170027971267700e-01 -2.713334560394287109e+00 1.418696975708007812e+01 -1.401018500328063965e+00 -3.520237207412719727e+00 6.383480072021484375e+00 -7.086028575897216797e+00
-3.915886402130126953e+00 -1.457649230957031250e+00 1.827132701873779297e+00 7.007699489593505859e+00 -1.199189662933349609e+00 -8.883832097053527832e-01 -1.138681602478027344e+01 9.646874427795410156e+00 3.065364599227905273e+00 1.971203237771987915e-01
-4.202919483184814453e+00 -5.519390583038330078e+00 -3.009629964828491211e+00 -1.196480393409729004e+00 1.037345314025878906e+01 1.391028165817260742e+00 -2.426939964294433594e+00 2.466771602630615234e+00 -8.754875063896179199e-01 3.187804698944091797e+00
7.133974552154541016e+00 -7.202354907989501953e+00 7.047545433044433594e+00 -4.094147309660911560e-02 -8.783528327941894531e+00 1.701432228088378906e+00 -3.881245613098144531e+00 3.533471822738647461e+00 1.486135721206665039e+00 2.394084930419921875e+00
-6.517901420593261719e+00 -1.910669684410095215e+00 -5.300890445709228516e+00 4.486547946929931641e+00 4.326770782470703125e+00 1.509527266025543213e-01 -9.003506660461425781e+00 1.676017522811889648e+00 2.014650344848632812e+00 1.244503784179687500e+01
-4.160473346710205078e+00 9.134899139404296875e+00 1.552538156509399414e+00 1.426852583885192871e+00 -1.040500402450561523e+00 -4.925919532775878906e+00 -4.327746391296386719e+00 3.974081039428710938e+00 2.245347261428833008e+00 -1.223177671432495117e+00
-9.470443725585937500e-01 -3.009824991226196289e+00 1.156680941581726074e+00 -5.006911277770996094e+00 2.721459388732910156e+00 1.713125944137573242e+00 1.084612274169921875e+01 -8.030200958251953125e+00 2.269425392150878906e+00 -7.167741060256958008e-01
-3.330643177032470703e+00 8.639951705932617188e+00 4.633327484130859375e+00 1.774704605340957642e-01 -2.051802158355712891e+00 -6.165119171142578125e+00 -1.325277686119079590e+00 2.993836402893066406e+00 3.101467370986938477e+00 -3.026949167251586914e+00
5.547732710838317871e-01 6.284707784652709961e-01 1.931060981750488281e+01 8.265310287475585938e+00 -1.375320911407470703e+01 -5.546680927276611328e+00 -1.028442573547363281e+01 3.034877300262451172e+00 6.519360065460205078e+00 -3.953966140747070312e+00
-6.667381286621093750e+00 -5.502820491790771484e+00 -4.456034660339355469e+00 -1.821148991584777832e+00 1.209217929840087891e+01 -9.881449341773986816e-01 -2.973986148834228516e+00 3.691008090972900391e+00 2.314065217971801758e+00 6.207292079925537109e+00
-3.964363574981689453e+00 -1.356328725814819336e+00 -2.751868724822998047e+00 7.054546356201171875e+00 -5.576693639159202576e-02 -3.132102727890014648e+00 -1.245677852630615234e+01 6.487630844116210938e+00 2.476037025451660156e+00 1.175160789489746094e+01
-4.320868968963623047e+00 9.150061607360839844e+00 6.561893820762634277e-01 4.756665825843811035e-01 -2.522923797369003296e-02 -4.513200283050537109e+00 -3.424983978271484375e+00 4.217108726501464844e+00 1.447391510009765625e+00 -1.108110308647155762e+00
-5.398968219757080078e+00 -4.371146678924560547e+00 -3.235330343246459961e+00 3.414571046829223633e+00 4.916924953460693359e+00 -4.603961706161499023e-01 -8.567105293273925781e+00 3.770549058914184570e+00 1.627690315246582031e+00 1.075668716430664062e+01
-1.559251308441162109e+00 -7.874159336090087891e+00 1.626217067241668701e-01 -4.517697811126708984e+00 1.015993118286132812e+01 -9.069858193397521973e-01 3.915136098861694336e+00 1.246871948242187500e+00 -7.846469879150390625e-01 6.732639670372009277e-01
-4.469802379608154297e+00 2.922325849533081055e+00 3.280541658401489258e+00 7.916889190673828125e+00 -3.234080314636230469e+00 -6.872794151306152344e+00 -1.627393341064453125e+01 1.314933872222900391e+01 2.416197538375854492e+00 6.219686508178710938e+00
-6.816439151763916016e+00 -6.279691219329833984e+00 -7.428246021270751953e+00 6.003996849060058594e+00 2.228003501892089844e+00 1.311472606658935547e+01 -1.647370147705078125e+01 4.142203330993652344e+00 9.600658416748046875e+00 3.996773481369018555e+00
-1.185061097145080566e+00 -6.289635658264160156e+00 3.181658983230590820e-01 -2.561356306076049805e+00 -2.879061937332153320e+00 9.768713951110839844e+00 1.428343892097473145e+00 -5.850034236907958984e+00 6.067142486572265625e+00 2.833665370941162109e+00
-2.711012840270996094e+00 -4.344902038574218750e+00 -5.524052143096923828e+00 2.349068164825439453e+00 6.668860435485839844e+00 -3.293283700942993164e+00 -6.635827541351318359e+00 3.008172988891601562e+00 1.464166879653930664e+00 1.209673976898193359e+01
-1.873727202415466309e+00 -1.161678791046142578e+01 -1.291117787361145020e+00 -4.535180568695068359e+00 1.164668369293212891e+01 1.551900386810302734e+00 5.077266216278076172e+00 -1.531637907028198242e+00 2.454361915588378906e+00 3.733412921428680420e-01
-6.574876308441162109e+00 -2.080499231815338135e-01 1.991962194442749023e+00 1.767399787902832031e+01 -5.897447586059570312e+00 9.108266830444335938e-01 -8.966102600097656250e+00 7.983838915824890137e-01 1.678347349166870117e+00 5.449321269989013672e-01
5.537648200988769531e-01 -7.927480220794677734e+00 -6.392928123474121094e+00 4.017096996307373047e+00 -3.595348119735717773e+00 9.037062644958496094e+00 -1.147994709014892578e+01 -2.810733556747436523e+00 1.537407875061035156e+01 6.895927429199218750e+00
-5.955819487571716309e-01 -9.153114318847656250e+00 -1.601933240890502930e+00 -2.881676912307739258e+00 2.885294437408447266e+00 2.741132497787475586e+00 -1.268887281417846680e+00 -1.575953960418701172e+00 3.126084804534912109e+00 9.414808273315429688e+00
-3.141057968139648438e+00 -6.810231208801269531e+00 -3.693529665470123291e-01 1.343169093132019043e+00 2.964548110961914062e+00 -1.131308794021606445e+00 -5.508126258850097656e+00 2.817629098892211914e+00 7.196422219276428223e-01 1.139700222015380859e+01
-3.817041397094726562e+00 6.673165798187255859e+00 1.059985160827636719e+01 3.214815139770507812e+00 -6.094480037689208984e+00 -3.564359903335571289e+00 -9.281888604164123535e-01 -4.409653246402740479e-01 3.570680379867553711e+00 -6.967035293579101562e+00
-1.793014705181121826e-01 -5.556695938110351562e+00 2.622997522354125977e+00 1.158867597579956055e+00 1.475675463676452637e+00 -1.637771606445312500e+00 -8.546032905578613281e+00 9.852562904357910156e+00 -5.607813596725463867e-01 3.626118421554565430e+00
-3.964431762695312500e+00 -1.106478691101074219e+01 -2.558143377304077148e+00 -2.820265293121337891e+00 1.357365894317626953e+01 -1.396545767784118652e-01 2.293103218078613281e+00 3.630194187164306641e+00 9.426923394203186035e-01 7.900430560111999512e-01
-5.499757766723632812e+00 -7.294874191284179688e+00 -5.190332531929016113e-01 -2.052809953689575195e+00 1.195209980010986328e+01 -1.162068367004394531e+00 1.131275057792663574e+00 2.534071505069732666e-01 9.078767895698547363e-01 3.090941190719604492e+00
-2.185901165008544922e+00 -8.788857460021972656e+00 1.023274183273315430e+00 -1.346963405609130859e+00 -2.020500183105468750e+00 6.324038505554199219e+00 -2.478605747222900391e+00 -6.035588264465332031e+00 1.924945640563964844e+01 1.027041435241699219e+00
-5.600840091705322266e+00 -2.976935386657714844e+00 -5.207664489746093750e+00 4.979832172393798828e+00 3.501110792160034180e+00 -1.848053932189941406e+00 -1.037015151977539062e+01 5.033547878265380859e+00 6.048756122589111328e+00 1.078188610076904297e+01
-1.890609145164489746e+00 -3.897632598876953125e+00 1.392893552780151367e+00 -4.673943042755126953e+00 9.183000564575195312e+00 -6.930136680603027344e-01 2.400291681289672852e+00 1.986447535455226898e-02 -1.199227809906005859e+00 -3.807653188705444336e-01
9.806527137756347656e+00 -6.334181785583496094e+00 2.509204387664794922e+00 -3.016408443450927734e+00 -5.839162349700927734e+00 1.975666999816894531e+00 -1.080402970314025879e+00 1.093814134597778320e+00 2.838082611560821533e-02 2.241733551025390625e+00
-3.010676860809326172e+00 -4.057535648345947266e+00 -1.028488397598266602e+00 -2.087184906005859375e+00 6.878433704376220703e+00 8.928136229515075684e-01 1.089935183525085449e+00 1.679129362106323242e+00 -2.553749084472656250e+00 2.512045383453369141e+00
1.641336822509765625e+01 -8.620373725891113281e+00 1.718993186950683594e+00 -2.128222227096557617e+00 -8.424315452575683594e+00 1.490607976913452148e+00 2.843205213546752930e+00 -2.063673496246337891e+00 -2.220028400421142578e+00 2.694574117660522461e+00
-4.873439788818359375e+00 8.534639358520507812e+00 4.108852744102478027e-01 -7.497334480285644531e-01 5.913824439048767090e-01 -2.312629938125610352e+00 -1.482028961181640625e+00 2.789131879806518555e+00 1.887478828430175781e+00 -2.462217569351196289e+00
-6.413846015930175781e-01 4.387853145599365234e+00 1.360978031158447266e+01 8.115052223205566406e+00 -1.115616035461425781e+01 -1.737954378128051758e+00 -1.763095974922180176e+00 -3.141355276107788086e+00 3.887209415435791016e+00 -9.452664375305175781e+00
-7.192301273345947266e+00 2.998011827468872070e+00 3.127864360809326172e+00 1.069165706634521484e+01 -3.240417957305908203e+00 -1.625533580780029297e+00 -9.004718780517578125e+00 3.838056087493896484e+00 3.124816656112670898e+00 -1.322108358144760132e-01
-2.462861537933349609e+00 -3.863905906677246094e+00 -1.567721605300903320e+00 1.867435872554779053e-02 -4.542315959930419922e+00 1.421127414703369141e+01 1.641707181930541992e+00 -7.944144248962402344e+00 4.974408626556396484e+00 5.842743813991546631e-02
1.946159482002258301e+00 -4.310099124908447266e+00 2.386328220367431641e+00 -9.074040055274963379e-01 1.626128911972045898e+00 -1.916427135467529297e+00 9.649842262268066406e+00 -3.479070425033569336e+00 -2.612865269184112549e-01 -3.637337207794189453e+00
-5.642581462860107422e+00 -8.076193809509277344e+00 -3.571646451950073242e+00 -1.778060078620910645e+00 9.340655326843261719e+00 2.699170589447021484e+00 -1.958493590354919434e+00 -5.637467503547668457e-01 2.785859107971191406e+00 7.188191890716552734e+00
-6.263700008392333984e+00 9.478977203369140625e+00 -1.168273448944091797e+00 1.900400519371032715e+00 -2.905248403549194336e-01 -2.593464136123657227e+00 -1.519709974527359009e-01 6.887570023536682129e-01 1.154934644699096680e+00 -4.386341869831085205e-01
-1.338375687599182129e+00 -6.938900947570800781e+00 1.530271768569946289e+00 -5.058141708374023438e+00 4.313014030456542969e+00 2.716836690902709961e+00 1.681936454772949219e+01 -8.061503410339355469e+00 4.341996192932128906e+00 -6.237379550933837891e+00
1.374684691429138184e+00 6.842734813690185547e-01 2.190875053405761719e+00 5.881467342376708984e+00 -5.524951457977294922e+00 -1.883633613586425781e+00 -2.090794086456298828e+00 -2.429159402847290039e+00 3.345925807952880859e+00 5.441955476999282837e-02
-2.629640102386474609e+00 -1.178614616394042969e+00 2.372513294219970703e+00 1.294041728973388672e+01 -6.408506393432617188e+00 3.157369494438171387e-01 -1.102283382415771484e+01 4.121621608734130859e+00 2.017754554748535156e+00 1.679587960243225098e+00
-3.510451793670654297e+00 5.748138904571533203e+00 1.643654632568359375e+01 8.864542007446289062e+00 -1.283650302886962891e+01 -3.932760953903198242e+00 -6.968502521514892578e+00 1.950054168701171875e+00 4.179915904998779297e+00 -6.596165180206298828e+00
-5.382102131843566895e-01 -5.593173503875732422e+00 1.331156134605407715e+00 -6.952202320098876953e+00 4.300634384155273438e+00 2.079124689102172852e+00 1.658770942687988281e+01 -6.764370918273925781e+00 9.295589327812194824e-01 -3.846731901168823242e+00
-8.194798469543457031e+00 9.834054946899414062e+00 -8.613839149475097656e-01 2.408194303512573242e+00 8.438240885734558105e-01 -3.491258144378662109e+00 -1.834578037261962891e+00 1.721796274185180664e+00 3.209751129150390625e+00 -4.582513272762298584e-01
-2.343888282775878906e+00 9.023772478103637695e-01 1.146074962615966797e+01 4.405618190765380859e+00 -3.222491264343261719e+00 -4.633368492126464844e+00 -1.060709595680236816e+00 1.201981902122497559e+00 6.049858331680297852e-01 -5.674745082855224609e+00
1.579945445060729980e+00 -2.711228847503662109e+00 1.371137619018554688e+01 3.663051128387451172e+00 -7.921146154403686523e-01 -4.539946079254150391e+00 3.401657581329345703e+00 -1.290960192680358887e+00 -3.366438388824462891e+00 -8.593565940856933594e+00
-1.763170480728149414e+00 -8.197079896926879883e-01 4.165166378021240234e+00 1.526100730895996094e+01 -7.755021572113037109e+00 5.285162448883056641e+00 -4.321590423583984375e+00 -6.730318069458007812e+00 1.756534099578857422e+00 -5.239111423492431641e+00
-3.895224571228027344e+00 -1.909661650657653809e+00 -5.552768707275390625e+00 8.328465819358825684e-01 6.613624572753906250e+00 -1.041070699691772461e+00 -4.293967247009277344e+00 2.610252857208251953e+00 -8.550683259963989258e-01 1.032538318634033203e+01
8.250571489334106445e-01 -5.364401340484619141e+00 1.999938130378723145e+00 1.961566805839538574e+00 -4.593760490417480469e+00 1.931241989135742188e+00 -1.021380996704101562e+01 1.331431674957275391e+01 -2.976058721542358398e+00 5.872212409973144531e+00
-4.093868732452392578e+00 -6.297962665557861328e+00 -9.952177405357360840e-01 -2.934464216232299805e+00 1.154689502716064453e+01 -3.335144042968750000e+00 -1.216469168663024902e+00 3.880721807479858398e+00 7.716795802116394043e-01 4.397592067718505859e+00
-9.593868255615234375e-01 4.408084869384765625e+00 1.236531734466552734e+01 3.986541032791137695e+00 -7.660606861114501953e+00 -5.937624931335449219e+00 -3.069376707077026367e+00 2.599739551544189453e+00 2.963032722473144531e+00 -5.474382877349853516e+00
2.011597752571105957e-01 -5.408726692199707031e+00 2.796600818634033203e+00 -5.150022983551025391e+00 5.136705398559570312e+00 -1.488812446594238281e+00 1.229888057708740234e+01 -3.661597490310668945e+00 -1.249594449996948242e+00 -1.512205600738525391e+00
1.453893661499023438e+00 -6.360701084136962891e+00 1.706688523292541504e+00 -5.484638214111328125e+00 5.128491401672363281e+00 3.086855113506317139e-01 9.918422698974609375e+00 -2.308983087539672852e+00 -3.112229108810424805e+00 -2.759362459182739258e-01
-3.477567195892333984e+00 -4.993960559368133545e-01 -2.225208520889282227e+00 4.000080108642578125e+00 -2.284849882125854492e+00 8.998739242553710938e+00 5.739020705223083496e-01 -6.180417060852050781e+00 2.181261539459228516e+00 -1.500142455101013184e+00
-5.947629928588867188e+00 4.250467419624328613e-01 -3.257610797882080078e+00 -3.308930158615112305e+00 9.175557136535644531e+00 -9.145177006721496582e-01 -2.462267316877841949e-02 -4.638065397739410400e-01 2.808091640472412109e+00 3.612515926361083984e+00
4.049283504486083984e+00 -2.246737718582153320e+00 -1.817657232284545898e+00 -4.488853931427001953e+00 -9.775080084800720215e-01 5.462622165679931641e+00 8.645099639892578125e+00 -7.581444740295410156e+00 5.507831573486328125e-01 -7.470998764038085938e-01
-2.500499248504638672e+00 -1.877369046211242676e+00 1.100049304962158203e+01 5.286773204803466797e+00 -3.561886548995971680e+00 -5.192179203033447266e+00 -4.704825878143310547e+00 1.208641767501831055e+00 5.069909095764160156e+00 -1.546514511108398438e+00
1.451341748237609863e+00 -4.863165378570556641e+00 1.726649850606918335e-01 -6.385789871215820312e+00 1.036849737167358398e+00 4.366075038909912109e+00 1.596606159210205078e+01 -1.196082973480224609e+01 3.527470588684082031e+00 -1.688294291496276855e+00
