1.586097359657287598e+00 -1.242797136306762695e+00 5.492004394531250000e+00 1.317610263824462891e+00 -1.365544080734252930e+00 -3.024127483367919922e+00 -4.226310253143310547e+00 6.945629596710205078e+00 -9.402714371681213379e-01 -8.561440706253051758e-01
3.625994443893432617e+00 -2.974812746047973633e+00 3.702768564224243164e+00 -5.067457675933837891e+00 -3.601484060287475586e+00 2.286540269851684570e+00 1.395656967163085938e+01 -8.905766487121582031e+00 2.381785869598388672e+00 -5.218721866607666016e+00
2.976195216178894043e-01 -3.886454820632934570e+00 -5.929571151733398438e+00 1.175643062591552734e+01 -1.499308872222900391e+01 2.109002494812011719e+01 1.836981058120727539e+00 -1.010668849945068359e+01 6.547096729278564453e+00 1.728166460990905762e+00
-2.434185028076171875e+00 -1.612690567970275879e+00 5.073752880096435547e+00 6.515127182006835938e+00 -1.130580139160156250e+01 -3.185450077056884766e+00 -1.630722999572753906e+01 1.701679611206054688e+01 -1.461475729942321777e+00 6.567694664001464844e+00
1.754889488220214844e+01 -1.050379848480224609e+01 2.568455457687377930e+00 -8.196859955787658691e-01 -7.441632270812988281e+00 6.777218341827392578e+00 9.950585365295410156e-01 7.613006234169006348e-01 -6.295791625976562500e+00 -2.517459154129028320e+00
-2.649067163467407227e+00 1.328365802764892578e+00 3.216887474060058594e+00 1.818245500326156616e-01 8.738317489624023438e+00 -2.421025514602661133e+00 1.848271608352661133e+00 -3.449951887130737305e+00 -6.524821758270263672e+00 5.679289102554321289e-01
-4.473807811737060547e+00 -1.047677755355834961e+00 5.388422489166259766e+00 1.880817222595214844e+01 -9.418186187744140625e+00 2.036124467849731445e+00 -1.424822711944580078e+01 -5.098208904266357422e+00 6.646378993988037109e+00 6.155884742736816406e+00
8.662006855010986328e-01 4.392921030521392822e-01 1.989553570747375488e-01 2.782555580139160156e+00 -4.266668319702148438e+00 9.428240776062011719e+00 2.545337677001953125e+00 -2.796947717666625977e+00 1.528153300285339355e+00 -5.915547370910644531e+00
-4.737051963806152344e+00 1.541123509407043457e+00 5.796535491943359375e+00 1.894528961181640625e+01 -3.883872270584106445e+00 1.167908787727355957e+00 -7.576178073883056641e+00 -4.882518291473388672e+00 3.165421485900878906e+00 -3.682843923568725586e+00
-5.379246711730957031e+00 -2.835478544235229492e+00 2.342545032501220703e+00 4.506249725818634033e-01 -4.158647954463958740e-01 1.141467571258544922e+00 1.468769645690917969e+01 -4.487045764923095703e+00 1.801144599914550781e+00 -6.691961288452148438e+00
-4.094264507293701172e+00 3.445841550827026367e+00 -1.316815853118896484e+00 1.353020191192626953e+01 -1.615723991394042969e+01 1.326638507843017578e+01 -7.159125804901123047e+00 -8.607020378112792969e+00 4.243896007537841797e+00 5.344387054443359375e+00
-7.970657825469970703e+00 3.649761915206909180e+00 -9.669049382209777832e-01 8.311188697814941406e+00 -8.958742141723632812e+00 1.420812129974365234e+01 3.930829048156738281e+00 -9.906456947326660156e+00 2.966472625732421875e+00 -5.196113109588623047e+00
3.504813909530639648e-01 -6.101101040840148926e-01 -2.017347097396850586e+00 1.547894763946533203e+01 -7.524155616760253906e+00 8.357378959655761719e+00 -6.629451751708984375e+00 -6.833224296569824219e+00 1.948889255523681641e+00 3.000281810760498047e+00
-3.501274347305297852e+00 -1.073078393936157227e+00 -3.823714971542358398e+00 3.589648962020874023e+00 -9.339889526367187500e+00 1.407765197753906250e+01 1.958918333053588867e+00 -1.757154941558837891e+00 2.222962856292724609e+00 2.563239812850952148e+00
-7.326109409332275391e+00 -1.007337379455566406e+01 -2.893243551254272461e+00 1.902043700218200684e+00 7.668709278106689453e+00 1.926245450973510742e+00 -9.383411407470703125e+00 4.500431537628173828e+00 7.052667140960693359e+00 1.581541919708251953e+01
-2.061380147933959961e+00 -2.054875344038009644e-01 4.136754512786865234e+00 3.782383441925048828e+00 -9.536072731018066406e+00 -2.285647153854370117e+00 -1.400244903564453125e+01 1.447031688690185547e+01 -1.204068899154663086e+00 5.797235012054443359e+00
6.720382213592529297e+00 -3.743671417236328125e+00 2.603352546691894531e+00 1.010113880038261414e-01 -4.669728755950927734e+00 3.892865180969238281e+00 1.262641811370849609e+01 -8.754917144775390625e+00 3.552728891372680664e+00 -8.521795272827148438e+00
5.158349514007568359e+00 -9.732464790344238281e+00 1.815686106681823730e+00 -3.310988187789916992e+00 -6.407766789197921753e-02 2.657836437225341797e+00 1.440914726257324219e+01 -7.054488182067871094e+00 6.480514407157897949e-01 -5.650743484497070312e+00
2.133947610855102539e-02 4.169329106807708740e-01 5.331813335418701172e+00 2.084332847595214844e+01 -1.867110824584960938e+01 4.093890666961669922e+00 -1.526569843292236328e+01 3.064267158508300781e+00 1.121204137802124023e+00 3.529635429382324219e+00
-1.425822615623474121e+00 1.935336709022521973e+00 3.895848989486694336e+00 5.675910949707031250e+00 -9.292082786560058594e+00 -4.387104034423828125e+00 -1.521366500854492188e+01 1.488451194763183594e+01 -7.572369575500488281e-01 5.114126682281494141e+00
6.427682876586914062e+00 -4.818603992462158203e+00 2.843802928924560547e+00 -4.015354514122009277e-01 4.692113995552062988e-01 1.941826939582824707e+00 2.938564419746398926e-01 -2.605491399765014648e+00 -5.409200668334960938e+00 3.704443693161010742e+00
-1.939293503761291504e+00 8.314094543457031250e+00 -1.011411786079406738e+00 -6.161718368530273438e-01 2.401705384254455566e-01 -2.533232688903808594e+00 -2.157244682312011719e+00 3.897584438323974609e+00 2.380489826202392578e+00 -1.629717350006103516e+00
-2.424601078033447266e+00 2.057647466659545898e+00 3.983132123947143555e+00 1.713496398925781250e+01 -9.550038337707519531e+00 7.583345413208007812e+00 -8.910797119140625000e+00 -6.980856895446777344e+00 3.274423837661743164e+00 2.353029012680053711e+00
-9.679524421691894531e+00 -5.236396789550781250e+00 -2.579598903656005859e+00 -7.353029847145080566e-01 1.285473728179931641e+01 -1.803649306297302246e+00 1.779624223709106445e-01 3.999931573867797852e+00 -5.705002546310424805e-01 6.802447795867919922e+00
-6.176041603088378906e+00 -1.705194115638732910e-01 -2.862525224685668945e+00 1.123591542243957520e+00 4.395595550537109375e+00 7.544259428977966309e-01 -5.782975673675537109e+00 1.741996884346008301e+00 7.997531890869140625e-01 1.011899566650390625e+01
-9.851384162902832031e-01 -5.855870842933654785e-01 -6.375172138214111328e+00 3.257436752319335938e+00 -6.027148723602294922e+00 1.562695407867431641e+01 1.202925443649291992e+00 -8.507326126098632812e+00 6.349238753318786621e-01 5.667991638183593750e+00
1.716336727142333984e+00 6.198451042175292969e+00 1.439914512634277344e+01 5.353758811950683594e+00 -1.304142189025878906e+01 -1.784492135047912598e+00 -6.192616462707519531e+00 1.221114516258239746e+00 4.867647171020507812e+00 -4.412544727325439453e+00
-2.440246343612670898e+00 -1.194475650787353516e+00 -4.288730144500732422e+00 9.476387977600097656e+00 -1.052010536193847656e+01 1.206960868835449219e+01 -6.421217918395996094e+00 -7.757529616355895996e-01 6.598435640335083008e-01 4.451465606689453125e+00
3.602776765823364258e+00 -2.737641572952270508e+00 1.858061909675598145e+00 7.769075870513916016e+00 -1.278396320343017578e+01 4.605293273925781250e+00 1.827296018600463867e+00 -1.173436260223388672e+01 1.303855323791503906e+01 3.089962244033813477e+00
-7.814820289611816406e+00 -4.695337295532226562e+00 7.516994476318359375e+00 1.932667851448059082e+00 8.545545578002929688e+00 -3.301981687545776367e+00 -1.082587480545043945e+00 6.005733966827392578e+00 -2.569138050079345703e+00 2.282806932926177979e-01
-1.556611299514770508e+00 4.664538204669952393e-01 3.890468120574951172e+00 1.904241561889648438e+01 -1.411240768432617188e+01 8.825343132019042969e+00 -1.473192977905273438e+01 -1.081079483032226562e+01 8.760496139526367188e+00 5.328696250915527344e+00
-3.638076305389404297e+00 -1.526428461074829102e+00 2.363411426544189453e+00 2.031084060668945312e+01 -9.400901794433593750e+00 1.383302569389343262e+00 -1.674529075622558594e+01 2.495722055435180664e+00 3.240414857864379883e+00 8.226496696472167969e+00
1.038778781890869141e+00 1.323889851570129395e+00 1.918552637100219727e+00 -8.442690372467041016e-01 -3.081542730331420898e+00 5.563661575317382812e+00 1.336462783813476562e+01 -7.782504081726074219e+00 4.437918186187744141e+00 -1.080977821350097656e+01
6.447868824005126953e+00 -1.532821273803710938e+01 2.445751726627349854e-01 -1.071908950805664062e+01 1.528238964080810547e+01 -6.722023487091064453e+00 5.486113071441650391e+00 9.372926354408264160e-01 1.948987245559692383e-01 6.226788043975830078e+00
-5.452715396881103516e+00 1.447984981536865234e+01 1.823067903518676758e+00 9.593731760978698730e-01 5.032854557037353516e+00 -6.775485515594482422e+00 -1.573109507560729980e+00 4.547143459320068359e+00 1.020600557327270508e+00 -6.597431182861328125e+00
-1.829011201858520508e+00 -8.817651748657226562e+00 1.532436561584472656e+01 -5.342464923858642578e+00 2.286518859863281250e+01 -6.710827827453613281e+00 -1.635195612907409668e+00 1.234826445579528809e-01 -2.288867712020874023e+00 -1.385252833366394043e+00
6.453055858612060547e+00 -6.514402031898498535e-01 3.808972835540771484e+00 1.113905048370361328e+01 -1.813594818115234375e+01 8.879128456115722656e+00 -1.001332473754882812e+01 -3.266655921936035156e+00 -1.175785899162292480e+00 4.715596199035644531e+00
2.134005308151245117e+00 -3.489089250564575195e+00 1.576739406585693359e+01 3.006813824176788330e-01 -1.143267273902893066e+00 -7.710160732269287109e+00 -5.247476577758789062e+00 5.324491024017333984e+00 2.647267103195190430e+00 -3.934316396713256836e+00
-9.135658264160156250e+00 1.391617208719253540e-01 -2.805181264877319336e+00 -2.252059698104858398e+00 1.433500385284423828e+01 -1.718873500823974609e+00 -3.194438219070434570e+00 3.044756650924682617e+00 1.936617612838745117e+00 5.614170074462890625e+00
-2.658175945281982422e+00 6.157908916473388672e+00 3.176528513431549072e-01 7.212115287780761719e+00 -7.377904891967773438e+00 7.143515944480895996e-01 -2.831099510192871094e+00 -3.014511108398437500e+00 2.095755100250244141e+00 -2.813054323196411133e-01
-3.194485902786254883e+00 -3.906075954437255859e+00 -4.855978488922119141e+00 1.379488372802734375e+01 -4.786911964416503906e+00 4.068951606750488281e+00 -1.142345523834228516e+01 3.294430732727050781e+00 2.337447166442871094e+00 8.494600296020507812e+00
-4.273065090179443359e+00 -3.657304763793945312e+00 -3.949905633926391602e+00 6.986990451812744141e+00 -2.759365320205688477e+00 2.248854398727416992e+00 -4.321249008178710938e+00 -1.047014594078063965e+00 1.730538177490234375e+01 8.682746887207031250e+00
-2.792504072189331055e+00 1.062397122383117676e+00 6.650858402252197266e+00 4.631764888763427734e+00 -7.093468666076660156e+00 -3.510230779647827148e+00 -1.417699050903320312e+01 1.359586906433105469e+01 -1.136855959892272949e+00 3.756408691406250000e+00
-2.945574522018432617e+00 -5.462891578674316406e+00 -2.186316549777984619e-01 -1.629145622253417969e+00 1.417062282562255859e+01 -3.953623771667480469e+00 -3.465366363525390625e+00 7.179789543151855469e+00 -5.182644724845886230e-01 6.040841579437255859e+00
-2.034589529037475586e+00 1.043651580810546875e+00 2.594493150711059570e+00 2.029212188720703125e+01 -1.260208129882812500e+01 9.181725502014160156e+00 -1.418867969512939453e+01 -1.415093994140625000e+01 7.342529296875000000e+00 6.317646026611328125e+00
-3.479143857955932617e+00 -3.100554704666137695e+00 -1.155021667480468750e+00 3.623081743717193604e-01 1.829023933410644531e+01 -1.986892104148864746e+00 -7.528215050697326660e-01 3.350212335586547852e+00 -2.392455339431762695e+00 4.176350116729736328e+00
1.904582786560058594e+01 -1.504794883728027344e+01 1.050017252564430237e-01 -8.348984718322753906e+00 5.084148883819580078e+00 -3.369079351425170898e+00 3.367125272750854492e+00 1.439982652664184570e+00 -3.491603374481201172e+00 5.047480463981628418e-01
-6.409103870391845703e-01 -3.724148750305175781e+00 1.314123630523681641e+01 6.224939346313476562e+00 -1.646549224853515625e+01 8.847487717866897583e-02 -8.552412986755371094e+00 1.102054977416992188e+01 1.207995510101318359e+01 -1.236138463020324707e+00
-8.684337615966796875e+00 1.205040359497070312e+01 -1.160560488700866699e+00 3.351755380630493164e+00 2.439054489135742188e+00 -3.137531995773315430e+00 -1.758143186569213867e+00 8.858015388250350952e-02 3.951180458068847656e+00 -2.596462249755859375e+00
-1.378816962242126465e+00 -4.480744838714599609e+00 1.611152839660644531e+01 -5.279995203018188477e-01 5.576439857482910156e+00 -5.395807266235351562e+00 2.044463396072387695e+00 -4.675768375396728516e+00 -3.095979213714599609e+00 -2.422787666320800781e+00
-8.029586672782897949e-01 -6.237266540527343750e+00 -1.721826672554016113e+00 -4.360479831695556641e+00 -3.155468404293060303e-01 5.798788070678710938e+00 1.274263954162597656e+01 -3.081294775009155273e+00 1.221041083335876465e+00 -3.652374267578125000e+00
-2.804823637008666992e+00 3.745923519134521484e+00 2.340984582901000977e+00 6.387141227722167969e+00 -6.336825847625732422e+00 -1.436050176620483398e+00 -1.194135379791259766e+01 1.331324195861816406e+01 1.533745288848876953e+00 1.078247189521789551e+00
-1.721706986427307129e+00 3.243443667888641357e-01 -5.340507507324218750e+00 7.668750286102294922e-01 3.944834232330322266e+00 2.771438121795654297e+00 -5.782589435577392578e+00 3.719882488250732422e+00 -1.611532330513000488e+00 5.266746997833251953e+00
2.107658004760742188e+01 -8.341987609863281250e+00 5.038023471832275391e+00 -7.082239151000976562e+00 -2.348285436630249023e+00 -1.470306515693664551e-01 5.503347873687744141e+00 6.960365921258926392e-03 -6.910260677337646484e+00 -8.427129983901977539e-01
-1.706609129905700684e+00 1.248288249969482422e+01 -7.244365662336349487e-02 -5.665691375732421875e+00 1.587624549865722656e+00 -7.034666538238525391e-01 1.904727458953857422e+00 -1.731402873992919922e-01 4.703942298889160156e+00 -5.590580463409423828e+00
-1.167824983596801758e+00 1.126583194732666016e+01 -5.702334046363830566e-01 -1.954754233360290527e+00 1.285150647163391113e+00 -4.479199409484863281e+00 -3.234504938125610352e+00 4.290741443634033203e+00 3.020593404769897461e+00 -1.903187513351440430e+00
3.284577131271362305e-01 8.623153567314147949e-01 1.821032285690307617e+00 8.834715843200683594e+00 -1.196677589416503906e+01 4.434643745422363281e+00 -9.177759170532226562e+00 -1.133442044258117676e+00 4.665756702423095703e+00 5.175299167633056641e+00
-8.884127616882324219e+00 -5.158540248870849609e+00 -2.672565460205078125e+00 -1.538783907890319824e+00 1.801469421386718750e+01 -1.859690189361572266e+00 -3.518301010131835938e+00 4.514900207519531250e+00 2.434296369552612305e+00 6.351178169250488281e+00
1.660038375854492188e+01 -6.849809646606445312e+00 6.098690509796142578e+00 -1.815294981002807617e+00 -5.907709598541259766e+00 -9.043388366699218750e-01 -2.930034399032592773e+00 5.154866576194763184e-01 -7.817570686340332031e+00 7.388712406158447266e+00
-3.300788879394531250e+00 -6.634253025054931641e+00 -1.880551576614379883e+00 2.209655523300170898e+00 1.864959120750427246e+00 -3.847466945648193359e+00 -5.262013912200927734e+00 4.294584751129150391e+00 1.847539901733398438e+00 1.357013702392578125e+01
-1.017236137390136719e+01 9.708223342895507812e+00 2.127635478973388672e-01 8.846230506896972656e-01 3.363968610763549805e+00 -5.418559163808822632e-02 -2.576588153839111328e+00 -1.179750084877014160e+00 2.497215747833251953e+00 -1.727612733840942383e+00
-5.151945948600769043e-01 1.300128173828125000e+01 2.588893890380859375e+00 -1.682700395584106445e+00 -1.601502895355224609e-01 -6.625046730041503906e+00 -1.998835444450378418e+00 3.427588701248168945e+00 1.793930411338806152e+00 -3.210937738418579102e+00
-1.268924593925476074e+00 -2.104621648788452148e+00 -5.426639080047607422e+00 3.317018508911132812e+00 6.660938262939453125e+00 -1.536432981491088867e+00 -1.171383666992187500e+01 3.915288686752319336e+00 1.129598736763000488e+00 1.380865669250488281e+01
-2.428614377975463867e+00 -8.404951095581054688e+00 -2.550131559371948242e+00 3.360407829284667969e+00 4.052381217479705811e-01 -2.710437774658203125e+00 -5.887777328491210938e+00 7.021967411041259766e+00 8.643040657043457031e+00 1.008945751190185547e+01
-6.197081089019775391e+00 -6.483829021453857422e+00 -3.135188341140747070e+00 6.052048683166503906e+00 1.991059780120849609e+00 5.246878266334533691e-01 -8.449683189392089844e+00 5.892101287841796875e+00 1.919906854629516602e+00 1.445885658264160156e+01
1.991497611999511719e+01 -1.322640514373779297e+01 -8.733079433441162109e-01 -7.405797481536865234e+00 -2.671892881393432617e+00 -9.134606719017028809e-01 7.654767513275146484e+00 2.502733707427978516e+00 -4.826756000518798828e+00 3.444452762603759766e+00
1.928458786010742188e+01 -1.277496910095214844e+01 8.802422523498535156e+00 -1.169577121734619141e+00 -3.459572315216064453e+00 -1.180816531181335449e+00 5.453412532806396484e+00 -7.245358943939208984e+00 -1.883848071098327637e+00 3.150679171085357666e-01
1.121108770370483398e+00 -5.935486793518066406e+00 2.305889368057250977e+00 4.744716167449951172e+00 -1.430860424041748047e+01 2.447710227966308594e+01 3.693340539932250977e+00 -9.237627029418945312e+00 5.856145858764648438e+00 -1.238234490156173706e-01
-9.463049888610839844e+00 1.226040267944335938e+01 2.313054502010345459e-01 2.274526834487915039e+00 1.686365246772766113e+00 -4.070921421051025391e+00 -2.606915235519409180e+00 2.279966354370117188e+00 2.453683614730834961e+00 -2.398336172103881836e+00
3.207511186599731445e+00 7.916000366210937500e+00 7.740901112556457520e-01 -3.384728908538818359e+00 -2.201276779174804688e+00 -1.516849637031555176e+00 2.389390945434570312e+00 -1.057352900505065918e+00 2.581382274627685547e+00 -4.707677841186523438e+00
-1.655156016349792480e+00 -4.055246353149414062e+00 -2.436414480209350586e+00 7.014453411102294922e+00 -5.832551002502441406e+00 1.789146232604980469e+01 -2.229848861694335938e+00 -8.132286071777343750e+00 3.358893156051635742e+00 3.375706434249877930e+00
1.250167846679687500e+00 -6.199898719787597656e+00 -2.573064327239990234e+00 -4.057777881622314453e+00 3.804974257946014404e-01 2.665723085403442383e+00 1.263900756835937500e+01 -1.881930828094482422e+00 -1.285971760749816895e+00 -5.340023040771484375e+00
5.339855670928955078e+00 -2.298076391220092773e+00 3.465910434722900391e+00 1.290098667144775391e+01 -1.460928440093994141e+01 9.608166694641113281e+00 -3.379384040832519531e+00 -1.404940605163574219e+01 2.687603235244750977e+00 4.110703468322753906e+00
-1.030155658721923828e+00 -1.427863478660583496e+00 -3.405563831329345703e+00 4.690684318542480469e+00 -7.471319675445556641e+00 1.505771350860595703e+01 -1.758513808250427246e+00 -2.950356483459472656e+00 1.770348906517028809e+00 2.163210868835449219e+00
-3.849688768386840820e+00 1.096601009368896484e+01 6.795139908790588379e-01 -4.378181695938110352e-01 4.030003845691680908e-01 -4.050271987915039062e+00 -1.574902772903442383e+00 2.025340557098388672e+00 3.741673231124877930e+00 -3.264642000198364258e+00
-3.584430217742919922e+00 -1.955975890159606934e+00 1.849010944366455078e+00 4.747455596923828125e+00 -3.908598899841308594e+00 -3.215435743331909180e-01 -1.548133373260498047e+00 -3.612794160842895508e+00 1.748680305480957031e+01 3.550639390945434570e+00
-5.493560433387756348e-02 -1.670941352844238281e+00 -5.717519521713256836e-01 1.184420013427734375e+01 -5.628191471099853516e+00 6.609767436981201172e+00 -1.410771727561950684e+00 -8.030958175659179688e+00 2.316951513290405273e+00 -3.170774698257446289e+00
-3.805264711380004883e+00 -7.202376723289489746e-01 -5.022972822189331055e-03 1.335554599761962891e+01 -5.564857006072998047e+00 1.659774541854858398e+00 -8.845257759094238281e+00 -1.009533524513244629e+00 4.470739364624023438e+00 3.720793962478637695e+00
-3.532363414764404297e+00 2.326105117797851562e+00 1.911764717102050781e+01 4.635425090789794922e+00 -4.086785793304443359e+00 -7.987703323364257812e+00 -5.564939022064208984e+00 3.423881292343139648e+00 8.979458808898925781e+00 -1.099240589141845703e+01
-8.606309890747070312e-01 -4.231341779232025146e-01 4.018650203943252563e-02 2.021527767181396484e+00 -2.546874761581420898e+00 -4.307711124420166016e-01 -4.567564487457275391e+00 4.323853492736816406e+00 -4.831496477127075195e-01 4.305341720581054688e+00
-5.649114131927490234e+00 -6.624870300292968750e+00 -1.819081187248229980e+00 -9.099850058555603027e-01 1.932030296325683594e+01 -2.438811063766479492e+00 -1.473771333694458008e+00 5.660834312438964844e+00 -1.643266916275024414e+00 5.043447017669677734e+00
-7.980494022369384766e+00 8.883253335952758789e-01 1.121753311157226562e+01 1.086763000488281250e+01 -1.066160106658935547e+01 1.729860663414001465e+00 -8.462942123413085938e+00 4.776002883911132812e+00 3.106784343719482422e+00 -6.192595481872558594e+00
-3.177767753601074219e+00 -2.365476846694946289e+00 1.489390850067138672e+01 2.435486078262329102e+00 -2.086104393005371094e+00 -5.345643162727355957e-01 -2.055791378021240234e+00 2.811166048049926758e+00 -5.407472133636474609e+00 -1.024341487884521484e+01
-5.084959030151367188e+00 -6.236264228820800781e+00 3.209614276885986328e+00 -5.693722724914550781e+00 1.679493904113769531e+01 -2.256435394287109375e+00 8.559567332267761230e-01 2.006783962249755859e+00 -1.128305077552795410e+00 4.029637336730957031e+00
-4.449887752532958984e+00 -8.038941383361816406e+00 -6.049756050109863281e+00 -7.722629308700561523e-01 1.788863897323608398e+00 1.424642181396484375e+01 6.601419925689697266e+00 -2.156054019927978516e+00 6.165361404418945312e+00 3.196215152740478516e+00
9.031845331192016602e-01 6.347258567810058594e+00 2.281863403320312500e+01 1.344357872009277344e+01 -2.195459747314453125e+01 6.288294792175292969e-01 -6.703945636749267578e+00 -6.906381607055664062e+00 8.332410812377929688e+00 -1.135149097442626953e+01
-8.933429718017578125e+00 -5.939038753509521484e+00 4.529790401458740234e+00 8.796356201171875000e+00 -5.193473815917968750e+00 3.250442028045654297e+00 -1.651773929595947266e+00 -4.957657814025878906e+00 1.362535476684570312e+01 1.464654207229614258e+00
6.287254333496093750e+00 -4.936873912811279297e+00 1.490085482597351074e+00 -1.481543064117431641e+00 -1.370565176010131836e+00 -7.210850119590759277e-01 2.419869184494018555e+00 -4.750852584838867188e+00 3.698316812515258789e+00 1.040971875190734863e-01
-4.400998115539550781e+00 -2.643209695816040039e+00 -1.176172971725463867e+00 1.782337379455566406e+01 -5.090794086456298828e+00 4.705702304840087891e+00 -1.340390682220458984e+01 -3.125068902969360352e+00 6.335927009582519531e+00 8.478067398071289062e+00
-6.460399627685546875e+00 3.111069440841674805e+00 -1.364456534385681152e+00 1.152726840972900391e+01 -1.305055427551269531e+01 1.417340278625488281e+01 -4.395683765411376953e+00 -1.118667030334472656e+01 7.272291660308837891e+00 2.863068342208862305e+00
7.219089508056640625e+00 -5.679851531982421875e+00 2.772534132003784180e+00 -5.095676898956298828e+00 4.897531509399414062e+00 -5.787705898284912109e+00 4.228220462799072266e+00 8.417644500732421875e-01 -3.184818506240844727e+00 -2.361354351043701172e+00
-1.066947579383850098e+00 2.580963969230651855e-01 -3.253873586654663086e+00 2.842990398406982422e+00 -3.267963409423828125e+00 5.867480754852294922e+00 1.265734767913818359e+01 -7.648364067077636719e+00 -3.500117659568786621e-01 -5.154793262481689453e+00
2.011883926391601562e+01 -1.245650577545166016e+01 2.039724111557006836e+00 1.394798636436462402e+00 -7.402780532836914062e+00 3.037897586822509766e+00 -4.252824187278747559e-01 -3.853754281997680664e+00 -2.575222492218017578e+00 4.823268890380859375e+00
-5.361492037773132324e-01 -3.126809835433959961e+00 -1.580530762672424316e+00 -2.862020254135131836e+00 -5.594751238822937012e-01 1.997642517089843750e+00 -6.286290168762207031e+00 9.825139045715332031e+00 -3.043746471405029297e+00 4.178611755371093750e+00
-2.765968561172485352e+00 4.382818937301635742e-01 3.068468332290649414e+00 3.081264734268188477e+00 -7.102513313293457031e+00 -3.052480459213256836e+00 -1.128577995300292969e+01 1.200187206268310547e+01 -1.633894085884094238e+00 5.026981830596923828e+00
-1.511347293853759766e+00 1.253768920898437500e+01 -1.286061286926269531e+00 -2.962765395641326904e-01 2.306228637695312500e+00 -5.116474151611328125e+00 -3.036825895309448242e+00 5.432248592376708984e+00 1.619602680206298828e+00 -2.002562522888183594e+00
9.311212301254272461e-01 5.437489986419677734e+00 -2.872615814208984375e+00 -1.295129060745239258e+00 -5.916361808776855469e+00 8.503094673156738281e+00 2.537563323974609375e+00 -1.773138761520385742e+00 3.529181003570556641e+00 -2.157561540603637695e+00
-5.742046833038330078e+00 1.249846076965332031e+01 -2.693608999252319336e+00 1.796064734458923340e+00 3.349630355834960938e+00 -4.896998882293701172e+00 -2.635548591613769531e+00 1.383354544639587402e+00 3.870074033737182617e+00 -3.408720791339874268e-01
1.899544334411621094e+01 -1.376732540130615234e+01 2.464679718017578125e+00 -4.372830390930175781e+00 3.181245803833007812e+00 -4.384871482849121094e+00 1.510628342628479004e+00 1.561125755310058594e+00 -7.244265556335449219e+00 4.035928249359130859e+00
1.323782348632812500e+01 -9.876832008361816406e+00 7.858336448669433594e+00 -8.873773217201232910e-01 1.960140109062194824e+00 -2.577759742736816406e+00 6.035436153411865234e+00 -5.775021553039550781e+00 -4.698198139667510986e-01 -5.812196254730224609e+00
1.571840953826904297e+01 -1.294444179534912109e+01 2.300049781799316406e+00 -1.182428836822509766e+00 -4.094372093677520752e-01 -7.417126744985580444e-02 1.614425539970397949e+00 5.243430733680725098e-01 -1.420542716979980469e+00 3.105614483356475830e-01
3.178108692169189453e+00 -5.774303436279296875e+00 7.242764472961425781e+00 3.611972332000732422e-01 -7.442181110382080078e-01 -1.203832387924194336e+00 5.370657920837402344e+00 -5.683255672454833984e+00 1.809279620647430420e-01 -3.780698537826538086e+00
-4.802895545959472656e+00 1.607505083084106445e+00 3.013454437255859375e+00 1.736152458190917969e+01 -1.081795692443847656e+01 7.029979705810546875e+00 -5.480199337005615234e+00 -5.558419704437255859e+00 1.714305877685546875e+00 -2.426636457443237305e+00
-7.315147519111633301e-01 -5.882565379142761230e-01 1.570545434951782227e+00 -2.838715076446533203e+00 -1.960984230041503906e+00 4.734332561492919922e+00 1.453495407104492188e+01 -8.423533439636230469e+00 -1.890069723129272461e+00 -7.226377487182617188e+00
2.046252822875976562e+01 -8.592807769775390625e+00 3.640049219131469727e+00 -5.709022998809814453e+00 -6.129710197448730469e+00 2.143024921417236328e+00 4.105904102325439453e+00 -3.962032794952392578e-01 -6.384428024291992188e+00 2.811142206192016602e+00
-7.703017234802246094e+00 1.164874362945556641e+01 -5.662305355072021484e-01 2.916452169418334961e+00 8.902294039726257324e-01 -3.556842327117919922e+00 -4.227321147918701172e+00 5.905328989028930664e-01 2.559392690658569336e+00 2.316492795944213867e-02
1.867441892623901367e+00 -2.854987144470214844e+00 1.723405838012695312e+01 6.909157276153564453e+00 -3.820889949798583984e+00 -5.532702922821044922e+00 -4.673283576965332031e+00 -5.210542678833007812e-01 -2.889278888702392578e+00 -3.007330656051635742e+00
-6.707792282104492188e+00 -5.730198383331298828e+00 -3.546216487884521484e+00 3.799095630645751953e+00 5.337061882019042969e+00 2.679191589355468750e+00 -6.999577999114990234e+00 3.601533174514770508e+00 4.126387834548950195e-01 1.313928890228271484e+01
3.471226692199707031e-01 1.054987311363220215e+00 -1.009431123733520508e+00 2.018925666809082031e+01 -1.365980243682861328e+01 1.077093315124511719e+01 -9.736097335815429688e+00 -8.859957695007324219e+00 4.430079460144042969e+00 3.601509809494018555e+00
3.525361299514770508e+00 -7.815849304199218750e+00 -1.738615393638610840e+00 -5.600132465362548828e+00 4.002927243709564209e-01 3.397040128707885742e+00 1.121521472930908203e+01 8.019552826881408691e-01 -1.813766360282897949e-01 -6.956586837768554688e+00
-6.620913743972778320e-03 -9.224013328552246094e+00 9.548968076705932617e-01 -3.824010848999023438e+00 2.248543739318847656e+00 1.712293744087219238e+00 2.066806983947753906e+01 -6.570713996887207031e+00 -4.065055847167968750e+00 -5.825515747070312500e+00
-6.722407341003417969e-01 -1.939550042152404785e+00 4.712522506713867188e+00 1.259849667549133301e+00 -3.153585672378540039e+00 -2.464085817337036133e+00 -9.170814514160156250e+00 1.055763912200927734e+01 -6.800792217254638672e-01 4.047228336334228516e+00
1.163569450378417969e+00 1.280414700508117676e+00 2.428982973098754883e+00 -2.082206487655639648e+00 -5.763897895812988281e+00 6.783919811248779297e+00 9.712177276611328125e+00 -4.751075744628906250e+00 4.378794670104980469e+00 -6.439967632293701172e+00
-1.742176055908203125e+00 -2.697067022323608398e+00 3.733962059020996094e+00 1.149406147003173828e+01 -1.636242675781250000e+01 1.635039710998535156e+01 -5.539664745330810547e+00 -6.644604206085205078e+00 5.556438922882080078e+00 5.840582370758056641e+00
4.602944850921630859e+00 -5.955756187438964844e+00 -7.821126580238342285e-01 -7.193885326385498047e+00 1.794154405593872070e+00 -8.944573402404785156e-01 1.460297203063964844e+01 -4.298073768615722656e+00 -3.916472196578979492e+00 -4.168029308319091797e+00
-4.172177314758300781e+00 7.456577420234680176e-01 5.657873630523681641e+00 6.479358196258544922e+00 -8.462560653686523438e+00 -3.211289882659912109e+00 -1.437175369262695312e+01 1.572440814971923828e+01 2.837736904621124268e-02 3.331522941589355469e+00
-1.111827564239501953e+01 1.068070030212402344e+01 4.969140887260437012e-01 2.276618003845214844e+00 1.865882873535156250e+00 -4.711309075355529785e-01 -3.659631490707397461e+00 -1.860222935676574707e+00 3.060219049453735352e+00 -1.203087925910949707e+00
2.619441986083984375e+00 -1.889710068702697754e+00 1.303094100952148438e+01 1.544792294502258301e+00 -1.423192596435546875e+01 -2.110906124114990234e+00 -1.828428745269775391e+00 2.798059463500976562e+00 2.122943401336669922e+00 -2.280409097671508789e+00
-8.686808347702026367e-01 1.149784660339355469e+01 3.939255952835083008e+00 2.200440168380737305e-01 -4.301288604736328125e+00 3.026517108082771301e-02 2.217228889465332031e+00 -3.667138218879699707e-01 3.615818977355957031e+00 -8.568449020385742188e+00
7.989761352539062500e+00 -1.227018547058105469e+01 1.935189819335937500e+01 1.686212182044982910e+00 2.930119335651397705e-01 -9.861093521118164062e+00 -1.739107012748718262e+00 4.544795513153076172e+00 2.907876014709472656e+00 -4.792907714843750000e+00
-1.641216874122619629e-01 -8.640219569206237793e-01 -2.031741619110107422e+00 4.472719192504882812e+00 -1.152718544006347656e+01 1.883255386352539062e+01 2.867433786392211914e+00 -4.246374130249023438e+00 1.507007598876953125e+00 -1.116077065467834473e+00
-3.337778568267822266e+00 -4.373133659362792969e+00 -4.910002350807189941e-01 -3.954558372497558594e+00 1.559608936309814453e+01 -1.544715046882629395e+00 -1.731344819068908691e+00 4.372852444648742676e-01 -2.218053817749023438e+00 6.573604583740234375e+00
1.477512073516845703e+01 -8.906268119812011719e+00 7.059728145599365234e+00 -1.860261261463165283e-01 -3.638237476348876953e+00 -4.069873332977294922e+00 2.896667003631591797e+00 -2.424871683120727539e+00 2.211664617061614990e-01 -2.105344772338867188e+00
-3.425748646259307861e-02 -8.707668304443359375e+00 1.164040803909301758e+00 -2.510247945785522461e+00 -2.821105480194091797e+00 -2.175859451293945312e+00 1.628829002380371094e+01 -7.279049158096313477e-01 5.212209373712539673e-02 -5.542985439300537109e+00
-5.836463451385498047e+00 -4.719991683959960938e-01 -5.891097545623779297e+00 4.253212511539459229e-01 7.663717269897460938e+00 5.645582675933837891e-01 -6.689314842224121094e+00 2.962601661682128906e+00 -6.062101125717163086e-01 1.414554119110107422e+01
1.352465438842773438e+01 -5.457272529602050781e+00 2.980336189270019531e+00 -2.195703744888305664e+00 -5.627439022064208984e+00 -1.074959039688110352e+00 4.241598129272460938e+00 -3.523070812225341797e-01 -4.632762432098388672e+00 1.168520927429199219e+00
-1.644683331251144409e-01 -3.080596446990966797e+00 1.891014671325683594e+01 3.498075485229492188e+00 -1.129358768463134766e+00 -8.381920814514160156e+00 -6.320627212524414062e+00 3.131400346755981445e+00 6.535170555114746094e+00 -6.413040161132812500e+00
-7.800746440887451172e+00 -3.677804946899414062e+00 1.003165245056152344e+00 9.180794715881347656e+00 8.550329804420471191e-01 -5.707551002502441406e+00 -8.031037330627441406e+00 1.840018391609191895e+00 1.357523632049560547e+01 8.331933975219726562e+00
